,t,Vdbz
0,43.008125,
1,43.00875,
2,43.009375,
3,43.01,
4,43.010625,
5,43.01125,
6,43.011875,
7,43.0125,
8,43.013125,
9,43.01375,
10,43.014375,
11,43.015,
12,43.015625,
13,43.01625,
14,43.016875,
15,43.0175,
16,43.018125,
17,43.01875,
18,43.019375,
19,43.02,
20,43.020625,
21,43.02125,
22,43.021875,
23,43.0225,
24,43.023125,
25,43.02375,
26,43.024375,
27,43.025,
28,43.025625,
29,43.02625,
30,43.026875,
31,43.0275,
32,43.028125,
33,43.02875,
34,43.029375,
35,43.03,
36,43.030625,
37,43.03125,
38,43.031875,
39,43.0325,
40,43.033125,
41,43.03375,
42,43.034375,
43,43.035,
44,43.035625,
45,43.03625,
46,43.036875,
47,43.0375,
48,43.038125,
49,43.03875,
50,43.039375,
51,43.04,
52,43.040625,
53,43.04125,
54,43.041875,
55,43.0425,
56,43.043125,
57,43.04375,
58,43.044375,
59,43.045,
60,43.045625,
61,43.04625,
62,43.046875,
63,43.0475,
64,43.048125,
65,43.04875,
66,43.049375,
67,43.05,
68,43.050625,
69,43.05125,
70,43.051875,
71,43.0525,
72,43.053125,
73,43.05375,
74,43.054375,
75,43.055,
76,43.055625,
77,43.05625,
78,43.056875,
79,43.0575,
80,43.058125,
81,43.05875,
82,43.059375,
83,43.06,
84,43.060625,
85,43.06125,
86,43.061875,
87,43.0625,
88,43.063125,
89,43.06375,
90,43.064375,
91,43.065,
92,43.065625,
93,43.06625,
94,43.066875,
95,43.0675,
96,43.068125,
97,43.06875,
98,43.069375,
99,43.07,
100,43.070625,
101,43.07125,
102,43.071875,
103,43.0725,
104,43.073125,
105,43.07375,
106,43.074375,
107,43.075,
108,43.075625,
109,43.07625,
110,43.076875,
111,43.0775,
112,43.078125,
113,43.07875,
114,43.079375,
115,43.08,
116,43.080625,
117,43.08125,
118,43.081875,
119,43.0825,
120,43.083125,
121,43.08375,
122,43.084375,88.29946695941636
123,43.085,100.25674449410344
124,43.085625,103.57953894586339
125,43.08625,106.48564910595385
126,43.086875,108.78665387660526
127,43.0875,110.55259801742677
128,43.088125,110.98006524051576
129,43.08875,111.22202767298113
130,43.089375,111.4574320440096
131,43.09,111.93194191252921
132,43.090625,112.42352563550071
133,43.09125,112.76978513909273
134,43.091875,112.96720021961863
135,43.0925,112.54731713185465
136,43.093125,112.25567713439472
137,43.09375,112.12762730221209
138,43.094375,112.34000682241798
139,43.095,113.27401850779296
140,43.095625,114.15140352195874
141,43.09625,114.71197799396361
142,43.096875,115.4317496176251
143,43.0975,115.31337109518029
144,43.098125,114.61564551332778
145,43.09875,115.490339314571
146,43.099375,116.20465035990168
147,43.1,116.80212188913515
148,43.100625,117.33755628674997
149,43.10125,118.15897043224545
150,43.101875,118.73027484957787
151,43.1025,119.00729708752246
152,43.103125,119.61823875553688
153,43.10375,120.1975126742432
154,43.104375,120.7405575951155
155,43.105,121.18369235262742
156,43.105625,122.04867411362672
157,43.10625,122.68354215153533
158,43.106875,122.81644360218621
159,43.1075,123.11886035943674
160,43.108125,123.53339865336298
161,43.10875,123.9951035450695
162,43.109375,124.17957034552508
163,43.11,124.40739264902788
164,43.110625,124.71056893815097
165,43.11125,125.16316386681588
166,43.111875,125.41357672289413
167,43.1125,125.71114618015548
168,43.113125,126.09411796425532
169,43.11375,126.34036202096223
170,43.114375,126.57574400709069
171,43.115,126.78902882612881
172,43.115625,126.92314604464016
173,43.11625,127.28351265541238
174,43.116875,127.67989578883466
175,43.1175,128.03490164474124
176,43.118125,128.34611166489051
177,43.11875,128.58858528763574
178,43.119375,128.79296859126947
179,43.12,129.18181579201172
180,43.120625,129.40820981951862
181,43.12125,129.5857463295234
182,43.121875,129.8160190402171
183,43.1225,130.01021821052674
184,43.123125,130.1652061102467
185,43.12375,130.28298268950874
186,43.124375,130.46972664686456
187,43.125,130.55259801742676
188,43.125625,130.58603995575962
189,43.12625,130.6805221211227
190,43.126875,130.61423675963314
191,43.1275,130.55517505041945
192,43.128125,130.59117346042325
193,43.12875,130.5422822327961
194,43.129375,130.44105601737644
195,43.13,130.28829841160737
196,43.130625,130.1436195452048
197,43.13125,129.94688762035162
198,43.131875,129.64889583836532
199,43.1325,129.13946027271638
200,43.133125,128.7676821406943
201,43.13375,128.33946345206073
202,43.134375,127.79395096412772
203,43.135,127.27599890958219
204,43.135625,126.57574400709069
205,43.13625,125.71114618015548
206,43.136875,124.76594135750787
207,43.1375,123.74477239662957
208,43.138125,122.60667536990013
209,43.13875,121.29664439477148
210,43.139375,119.80677709575203
211,43.14,117.89739313490506
212,43.140625,115.20844966846424
213,43.14125,110.07581366114363
214,43.141875,102.411478624117
215,43.1425,
216,43.143125,
217,43.14375,
218,43.144375,
219,43.145,
220,43.145625,
221,43.14625,
222,43.146875,
223,43.1475,
224,43.148125,
225,43.14875,
226,43.149375,
227,43.15,
228,43.150625,
229,43.15125,
230,43.151875,
231,43.1525,
232,43.153125,
233,43.15375,
234,43.154375,
235,43.155,
236,43.155625,
237,43.15625,
238,43.156875,
239,43.1575,
240,43.158125,
241,43.15875,
242,43.159375,
243,43.16,
244,43.160625,
245,43.16125,87.95880017344075
246,43.161875,108.88089591836152
247,43.1625,114.93268397875157
248,43.163125,118.85008212336162
249,43.16375,121.59086014805811
250,43.164375,123.53339865336298
251,43.165,125.51543800329864
252,43.165625,127.13962801986263
253,43.16625,128.46491747873617
254,43.166875,129.6259854666571
255,43.1675,130.72611744702067
256,43.168125,131.7317460934351
257,43.16875,132.56369016146826
258,43.169375,133.33410272239797
259,43.17,134.03481264874426
260,43.170625,134.6639453021314
261,43.17125,135.2655642203796
262,43.171875,135.76478194764337
263,43.1725,136.1763685018425
264,43.173125,136.5331558375174
265,43.17375,136.88581486508687
266,43.174375,137.1959709496113
267,43.175,137.4127592642161
268,43.175625,137.6162718456158
269,43.17625,137.8073024289625
270,43.176875,137.982177163868
271,43.1775,138.11807532433232
272,43.178125,138.26673851865246
273,43.17875,138.4014224859505
274,43.179375,138.43684962811716
275,43.18,138.50108240623686
276,43.180625,138.56484366314618
277,43.18125,138.60879189533398
278,43.181875,138.61898062335047
279,43.1825,138.5894003235498
280,43.183125,138.53302154177777
281,43.18375,138.5299357854644
282,43.184375,138.5432994859874
283,43.185,138.55048681750057
284,43.185625,138.51861195736942
285,43.18625,138.45139537971426
286,43.186875,138.37004279272347
287,43.1875,138.2783952990293
288,43.188125,138.26037367495923
289,43.18875,138.1363943093309
290,43.189375,137.94594244118994
291,43.19,137.78827528085418
292,43.190625,137.58306492368493
293,43.19125,137.41041900025527
294,43.191875,137.33165354127098
295,43.1925,137.19117145252108
296,43.193125,137.05691636029994
297,43.19375,136.94034195870708
298,43.194375,136.9032015530389
299,43.195,136.7467173603003
300,43.195625,136.56804156983188
301,43.19625,136.48902540073226
302,43.196875,136.20330569086298
303,43.1975,135.9909461425123
304,43.198125,135.93287407570233
305,43.19875,135.72366691135267
306,43.199375,135.63654305864856
307,43.2,135.60490567730704
308,43.200625,135.4523009969834
309,43.20125,135.08696671422038
310,43.201875,134.71995768183587
311,43.2025,134.50189042162938
312,43.203125,134.2983249598717
313,43.20375,134.0864428164447
314,43.204375,133.88683820728363
315,43.205,133.89912004499638
316,43.205625,133.73093798126013
317,43.20625,133.51006769455915
318,43.206875,133.3844774786161
319,43.2075,132.78574451820472
320,43.208125,132.20894442884241
321,43.20875,131.81014924017165
322,43.209375,131.39449898452318
323,43.21,130.8714284792473
324,43.210625,130.2962658999857
325,43.21125,129.88309188036885
326,43.211875,129.78228738757838
327,43.2125,129.56844375480162
328,43.213125,128.91830827902248
329,43.21375,128.02801081563086
330,43.214375,126.88784547370221
331,43.215,125.55676666004095
332,43.215625,125.3057925172166
333,43.21625,125.72014244158949
334,43.216875,125.89373248558887
335,43.2175,124.47510907314482
336,43.218125,122.79128532351699
337,43.21875,122.10338855998664
338,43.219375,123.02739700494922
339,43.22,122.81644360218621
340,43.220625,122.49660298827719
341,43.22125,121.90338702863511
342,43.221875,120.27359394582385
343,43.2225,119.7264755410153
344,43.223125,120.09502311182003
345,43.22375,121.3414171209074
346,43.224375,121.44499795227028
347,43.225,121.51823522965556
348,43.225625,121.64852601721543
349,43.22625,121.79103765772908
350,43.226875,121.540086535867
351,43.2275,121.3414171209074
352,43.228125,121.82630319394447
353,43.22875,121.4963288129035
354,43.229375,121.22904958174387
355,43.23,121.28915978453836
356,43.230625,121.77689125454009
357,43.23125,122.12381794526831
358,43.231875,122.39830820515982
359,43.2325,122.79128532351699
360,43.233125,122.68991711669347
361,43.23375,122.50311659161059
362,43.234375,122.45741845728871
363,43.235,122.7534107447351
364,43.235625,122.84778932237673
365,43.23625,122.73441134312813
366,43.236875,122.80387357157264
367,43.2375,122.74708222741467
368,43.238125,122.68991711669347
369,43.23875,122.7534107447351
370,43.239375,122.68991711669347
371,43.24,122.59379784398602
372,43.240625,122.48356110949351
373,43.24125,122.09656807307312
374,43.241875,121.82630319394447
375,43.2425,121.59808935333442
376,43.243125,121.1988377612391
377,43.24375,120.83574637943502
378,43.244375,120.6523752170144
379,43.245,120.78828238352274
380,43.245625,120.87510253937359
381,43.24625,120.81995384846982
382,43.246875,120.6765138790662
383,43.2475,120.99985713840285
384,43.248125,120.99211225189947
385,43.24875,120.97660173056701
386,43.249375,121.36371723492323
387,43.25,121.40075733215511
388,43.250625,121.40075733215511
389,43.25125,121.42290580902167
390,43.251875,121.74142411813071
391,43.2525,122.21179420598497
392,43.253125,122.73441134312813
393,43.25375,123.08847946229294
394,43.254375,123.40523430789915
395,43.255,123.7108430970875
396,43.255625,124.02794248640903
397,43.25625,124.28627794848799
398,43.256875,124.4439209260344
399,43.2575,124.55259299142017
400,43.258125,125.02789700080208
401,43.25875,125.03276440896425
402,43.259375,124.910253356283
403,43.26,125.06191171698063
404,43.260625,125.31521833435221
405,43.26125,125.45539173103519
406,43.261875,125.42753743788148
407,43.2625,125.7515561815741
408,43.263125,125.75603459860453
409,43.26375,125.58877576574041
410,43.264375,125.65244225756125
411,43.265,125.70214059133625
412,43.265625,125.83181651316002
413,43.26625,126.12850055101374
414,43.266875,126.24354712879557
415,43.2675,126.32779502146391
416,43.268125,126.36961450349034
417,43.26875,126.11132627030608
418,43.269375,126.2223568532501
419,43.27,126.43196860930688
420,43.270625,126.43196860930688
421,43.27125,126.27734440738307
422,43.271875,126.1883445155628
423,43.2725,126.23507722111509
424,43.273125,126.33198604187723
425,43.27375,126.38212118619552
426,43.274375,126.33617504106044
427,43.275,126.00756129741406
428,43.275625,125.87608719838673
429,43.27625,125.88491432276237
430,43.276875,126.01625588236233
431,43.2775,126.06824141193484
432,43.278125,126.11132627030608
433,43.27875,126.1199176554161
434,43.279375,125.78285671864666
435,43.28,125.72912939493966
436,43.280625,125.72463708057106
437,43.28125,125.44611688804173
438,43.281875,125.57507201905658
439,43.2825,125.61156740736152
440,43.283125,125.42753743788148
441,43.28375,125.55218428608183
442,43.284375,125.5933388809691
443,43.285,125.61611856787334
444,43.285625,125.81404486575708
445,43.28625,125.9814252005482
446,43.286875,126.0725595276778
447,43.2875,126.029281462866
448,43.288125,126.22659904607586
449,43.28875,126.39044898130908
450,43.289375,126.473290712162
451,43.29,126.26046220646475
452,43.290625,126.46916733698936
453,43.29125,126.74918522581311
454,43.291875,126.69711379234583
455,43.2925,126.7331964690884
456,43.293125,126.78505268065399
457,43.29375,126.84055376174945
458,43.294375,127.10519811054758
459,43.295,127.28726709231461
460,43.295625,127.38431714820285
461,43.29625,127.36201703418702
462,43.296875,127.45824005940213
463,43.2975,127.59336068067307
464,43.298125,127.72641147788093
465,43.29875,127.81517057477433
466,43.299375,127.92398694191473
467,43.3,128.04522764909362
468,43.300625,128.1035109243598
469,43.30125,128.06927402690636
470,43.301875,128.03145691352893
471,43.3025,128.12398847326625
472,43.303125,128.1851330407782
473,43.30375,128.19866246662588
474,43.304375,128.1546145605267
475,43.305,128.4485135274241
476,43.305625,128.6047270682302
477,43.30625,128.6817927683578
478,43.306875,128.81188523679663
479,43.3075,128.77717318841124
480,43.308125,128.62405769113033
481,43.30875,128.32282062336657
482,43.309375,128.0795592733871
483,43.31,127.80102992917975
484,43.310625,127.48029480583823
485,43.31125,127.11286100441738
486,43.311875,127.12816654077962
487,43.3125,127.18912040241973
488,43.313125,126.80888229680237
489,43.31375,126.78902882612881
490,43.314375,126.8760466632331
491,43.315,127.00883713070124
492,43.315625,126.93097117096947
493,43.31625,126.88784547370221
494,43.316875,126.83264671556108
495,43.3175,126.57574400709069
496,43.318125,126.42782556623379
497,43.31875,126.28155983558426
498,43.319375,126.06392114840978
499,43.32,125.67506766665053
500,43.320625,125.40425709792486
501,43.32125,125.27272137176217
502,43.321875,125.0957937479442
503,43.3225,125.13435491954974
504,43.323125,125.13916305121865
505,43.32375,124.70551753374104
506,43.324375,124.26504104392792
507,43.325,123.94561116251239
508,43.325625,123.8122359562721
509,43.32625,123.28705711568874
510,43.326875,123.021265067075
511,43.3275,122.91014342819325
512,43.328125,122.54857555703198
513,43.32875,122.3188635387811
514,43.329375,122.03494147892732
515,43.33,121.53280887340684
516,43.330625,121.04618199294647
517,43.33125,120.75649501176684
518,43.331875,120.66847510973899
519,43.3325,120.44856742370973
520,43.333125,120.43205432056484
521,43.33375,120.54699215549513
522,43.334375,120.76445276737437
523,43.335,120.48149974614853
524,43.335625,120.12932084498462
525,43.33625,119.842229755739
526,43.336875,120.07782332473822
527,43.3375,120.12075909994634
528,43.338125,120.14641905845488
529,43.33875,120.6765138790662
530,43.339375,120.6362454266074
531,43.34,120.43205432056484
532,43.340625,120.26517330567033
533,43.34125,120.3573543792701
534,43.341875,120.53883255918059
535,43.3425,120.78034643994825
536,43.343125,120.99211225189947
537,43.34375,120.88295241757444
538,43.344375,120.70859476369097
539,43.345,120.78828238352274
540,43.345625,120.17200343523837
541,43.34625,120.03467425618001
542,43.346875,120.75649501176684
543,43.3475,119.93898496990764
544,43.348125,119.52699958006546
545,43.34875,119.44405676758129
546,43.349375,119.41623221745036
547,43.35,118.63932229456346
548,43.350625,117.74108756101913
549,43.35125,117.23068821718076
550,43.351875,117.3257467816839
551,43.3525,117.04959987273712
552,43.353125,116.39087871083737
553,43.35375,116.95145318284224
554,43.354375,116.76438443815252
555,43.355,116.3777082918802
556,43.355625,116.50852235535646
557,43.35625,116.19119429270535
558,43.356875,115.84783378996507
559,43.3575,115.60634624280303
560,43.358125,114.35341006004523
561,43.35875,113.42345685430166
562,43.359375,112.80962873940844
563,43.36,112.40272109947514
564,43.360625,112.80962873940844
565,43.36125,112.78972978537172
566,43.361875,111.24585728912949
567,43.3625,109.71442852963159
568,43.363125,109.39644031956327
569,43.36375,110.4488846701264
570,43.364375,112.34000682241798
571,43.365,112.0845210616894
572,43.365625,111.22202767298113
573,43.36625,111.70921459017002
574,43.366875,110.70588240085542
575,43.3675,110.4749293362313
576,43.368125,111.77663451188415
577,43.36875,112.84929040484244
578,43.369375,113.7861771824724
579,43.37,114.46911344070372
580,43.370625,114.25299403254422
581,43.37125,114.61564551332778
582,43.371875,115.28352264780662
583,43.3725,116.15070056137708
584,43.373125,116.3777082918802
585,43.37375,116.78956094748398
586,43.374375,117.39636415958657
587,43.375,117.81959193979378
588,43.375625,117.97450363178987
589,43.37625,118.04005782701459
590,43.376875,118.1911205848235
591,43.3775,118.18041708422312
592,43.378125,118.32907897099851
593,43.37875,118.71014531649425
594,43.379375,118.81032969865134
595,43.38,118.98780013289824
596,43.380625,119.24738671340043
597,43.38125,119.61823875553688
598,43.381875,119.93898496990764
599,43.3825,120.09502311182003
600,43.383125,119.97390316623311
601,43.38375,120.6925691325064
602,43.384375,121.02305044894763
603,43.385,120.97660173056701
604,43.385625,121.2591566816902
605,43.38625,121.54735810568313
606,43.386875,121.86843370324469
607,43.3875,122.26549384928701
608,43.388125,122.23197049760788
609,43.38875,122.14419939295738
610,43.389375,122.10338855998664
611,43.39,122.30555182791802
612,43.390625,122.13741088957308
613,43.39125,121.79103765772908
614,43.391875,121.910360846463
615,43.3925,121.48169378056487
616,43.393125,121.1685204891401
617,43.39375,121.46703404773803
618,43.394375,121.21395680707224
619,43.395,120.82785370316451
620,43.395625,120.34066678597561
621,43.39625,120.0
622,43.396875,119.51782272803585
623,43.3975,119.01702917777094
624,43.398125,118.71014531649425
625,43.39875,117.94154006418842
626,43.399375,117.37288876789651
627,43.4,117.30207949282257
628,43.400625,116.97609402103608
629,43.40125,116.80212188913515
630,43.401875,116.70112203440233
631,43.4025,116.31155496648535
632,43.403125,116.20465035990168
633,43.40375,116.16421945848444
634,43.404375,116.02807420034709
635,43.405,116.23150011741187
636,43.405625,116.15070056137708
637,43.40625,115.7916142432885
638,43.406875,115.50492519480473
639,43.4075,115.60634624280303
640,43.408125,115.90369179364848
641,43.40875,116.28495191463841
642,43.409375,116.3777082918802
643,43.41,116.50852235535646
644,43.410625,116.77698181474511
645,43.41125,117.23068821718076
646,43.411875,117.639099426792
647,43.4125,117.99641004854193
648,43.413125,118.25506607342646
649,43.41375,118.44412554878033
650,43.414375,118.54740726078047
651,43.415,118.51655149249484
652,43.415625,118.08348736568327
653,43.41625,117.94154006418842
654,43.416875,118.09431090557362
655,43.4175,117.86413506119698
656,43.418125,117.45477654945338
657,43.41875,117.07396423552348
658,43.419375,117.122488884846
659,43.42,117.122488884846
660,43.420625,116.63739548561004
661,43.42125,115.32825694224799
662,43.421875,114.64787519645937
663,43.4225,113.97940008672037
664,43.423125,113.19832400139701
665,43.42375,111.7317460934351
666,43.424375,110.18405044662205
667,43.425,107.7477965267746
668,43.425625,102.21179420598497
669,43.42625,99.55447210577695
670,43.426875,66.02059991327963
671,43.4275,
672,43.428125,
673,43.42875,
674,43.429375,
675,43.43,
676,43.430625,
677,43.43125,
678,43.431875,
679,43.4325,
680,43.433125,
681,43.43375,
682,43.434375,
683,43.435,
684,43.435625,
685,43.43625,
686,43.436875,
687,43.4375,
688,43.438125,
689,43.43875,
690,43.439375,
691,43.44,
692,43.440625,
693,43.44125,
694,43.441875,
695,43.4425,
696,43.443125,
697,43.44375,
698,43.444375,
699,43.445,
700,43.445625,
701,43.44625,
702,43.446875,
703,43.4475,
704,43.448125,
705,43.44875,
706,43.449375,
707,43.45,
708,43.450625,
709,43.45125,
710,43.451875,
711,43.4525,
712,43.453125,
713,43.45375,
714,43.454375,
715,43.455,
716,43.455625,
717,43.45625,
718,43.456875,
719,43.4575,
720,43.458125,
721,43.45875,
722,43.459375,
723,43.46,
724,43.460625,
725,43.46125,
726,43.461875,
727,43.4625,
728,43.463125,
729,43.46375,
730,43.464375,
731,43.465,
732,43.465625,
733,43.46625,
734,43.466875,
735,43.4675,
736,43.468125,
737,43.46875,
738,43.469375,
739,43.47,
740,43.470625,
741,43.47125,
742,43.471875,
743,43.4725,
744,43.473125,
745,43.47375,
746,43.474375,
747,43.475,
748,43.475625,
749,43.47625,
750,43.476875,
751,43.4775,
752,43.478125,
753,43.47875,
754,43.479375,
755,43.48,
756,43.480625,
757,43.48125,
758,43.481875,
759,43.4825,
760,43.483125,
761,43.48375,
762,43.484375,
763,43.485,
764,43.485625,
765,43.48625,
766,43.486875,
767,43.4875,
768,43.488125,
769,43.48875,
770,43.489375,
771,43.49,
772,43.490625,
773,43.49125,
774,43.491875,
775,43.4925,
776,43.493125,
777,43.49375,
778,43.494375,
779,43.495,
780,43.495625,
781,43.49625,
782,43.496875,
783,43.4975,
784,43.498125,
785,43.49875,
786,43.499375,
787,43.5,
788,43.500625,
789,43.50125,
790,43.501875,
791,43.5025,89.24795995797913
792,43.503125,108.164799306237
793,43.50375,112.25567713439472
794,43.504375,113.92712777466664
795,43.505,111.86572134040915
796,43.505625,107.15869694000908
797,43.50625,91.82129214052999
798,43.506875,
799,43.5075,
800,43.508125,
801,43.50875,
802,43.509375,
803,43.51,
804,43.510625,
805,43.51125,
806,43.511875,
807,43.5125,
808,43.513125,
809,43.51375,
810,43.514375,
811,43.515,
812,43.515625,
813,43.51625,
814,43.516875,
815,43.5175,
816,43.518125,
817,43.51875,
818,43.519375,
819,43.52,
820,43.520625,
821,43.52125,
822,43.521875,
823,43.5225,
824,43.523125,
825,43.52375,
826,43.524375,
827,43.525,
828,43.525625,
829,43.52625,
830,43.526875,
831,43.5275,
832,43.528125,
833,43.52875,
834,43.529375,
835,43.53,
836,43.530625,
837,43.53125,
838,43.531875,
839,43.5325,
840,43.533125,
841,43.53375,
842,43.534375,
843,43.535,
844,43.535625,
845,43.53625,
846,43.536875,
847,43.5375,
848,43.538125,
849,43.53875,
850,43.539375,
851,43.54,
852,43.540625,
853,43.54125,
854,43.541875,
855,43.5425,
856,43.543125,
857,43.54375,
858,43.544375,
859,43.545,
860,43.545625,
861,43.54625,
862,43.546875,
863,43.5475,
864,43.548125,
865,43.54875,
866,43.549375,
867,43.55,
868,43.550625,
869,43.55125,
870,43.551875,
871,43.5525,
872,43.553125,
873,43.55375,
874,43.554375,
875,43.555,
876,43.555625,
877,43.55625,
878,43.556875,
879,43.5575,
880,43.558125,
881,43.55875,
882,43.559375,
883,43.56,
884,43.560625,
885,43.56125,
886,43.561875,
887,43.5625,
888,43.563125,
889,43.56375,
890,43.564375,
891,43.565,
892,43.565625,
893,43.56625,
894,43.566875,
895,43.5675,
896,43.568125,
897,43.56875,
898,43.569375,
899,43.57,
900,43.570625,
901,43.57125,
902,43.571875,
903,43.5725,
904,43.573125,
905,43.57375,
906,43.574375,
907,43.575,
908,43.575625,
909,43.57625,
910,43.576875,
911,43.5775,
912,43.578125,
913,43.57875,
914,43.579375,
915,43.58,
916,43.580625,
917,43.58125,
918,43.581875,
919,43.5825,
920,43.583125,
921,43.58375,
922,43.584375,
923,43.585,
924,43.585625,
925,43.58625,
926,43.586875,
927,43.5875,
928,43.588125,
929,43.58875,
930,43.589375,
931,43.59,
932,43.590625,
933,43.59125,
934,43.591875,
935,43.5925,
936,43.593125,
937,43.59375,
938,43.594375,
939,43.595,
940,43.595625,
941,43.59625,
942,43.596875,
943,43.5975,
944,43.598125,
945,43.59875,
946,43.599375,
947,43.6,
948,43.600625,
949,43.60125,
950,43.601875,
951,43.6025,
952,43.603125,
953,43.60375,
954,43.604375,
955,43.605,
956,43.605625,
957,43.60625,
958,43.606875,
959,43.6075,
960,43.608125,
961,43.60875,
962,43.609375,
963,43.61,
964,43.610625,
965,43.61125,
966,43.611875,
967,43.6125,
968,43.613125,
969,43.61375,
970,43.614375,
971,43.615,
972,43.615625,
973,43.61625,
974,43.616875,
975,43.6175,
976,43.618125,
977,43.61875,
978,43.619375,
979,43.62,
980,43.620625,
981,43.62125,
982,43.621875,
983,43.6225,
984,43.623125,
985,43.62375,
986,43.624375,
987,43.625,
988,43.625625,
989,43.62625,
990,43.626875,
991,43.6275,
992,43.628125,
993,43.62875,
994,43.629375,
995,43.63,
996,43.630625,
997,43.63125,
998,43.631875,
999,43.6325,
1000,43.633125,
1001,43.63375,
1002,43.634375,
1003,43.635,
1004,43.635625,82.92256071356476
1005,43.63625,97.0251669743815
1006,43.636875,100.74852995881247
1007,43.6375,102.14419939295738
1008,43.638125,101.93820026016112
1009,43.63875,101.655707406329
1010,43.639375,103.22736004469951
1011,43.64,105.71114618015548
1012,43.640625,106.56759206877476
1013,43.64125,108.29946695941636
1014,43.641875,109.85520778053676
1015,43.6425,110.29095505320572
1016,43.643125,111.2933212850418
1017,43.64375,112.23446616014684
1018,43.644375,113.06425027550688
1019,43.645,114.75974652666862
1020,43.645625,115.84783378996507
1021,43.64625,116.5860754566205
1022,43.646875,117.29022162116785
1023,43.6475,118.48558572123764
1024,43.648125,119.58185801276653
1025,43.64875,120.34901459021071
1026,43.649375,121.07692853704505
1027,43.65,121.76980940364793
1028,43.650625,122.43119688375002
1029,43.65125,122.99054027508696
1030,43.651875,123.75605277436838
1031,43.6525,124.55773409227348
1032,43.653125,125.24427410952833
1033,43.65375,125.82737700903165
1034,43.654375,126.39460988660448
1035,43.655,126.96609726096321
1036,43.655625,127.27975659496983
1037,43.65625,127.58611035501164
1038,43.656875,127.88553053535642
1039,43.6575,128.17836041693562
1040,43.658125,128.57241345343877
1041,43.65875,128.9369542031162
1042,43.659375,129.172756980513
1043,43.66,129.3787561133092
1044,43.660625,129.68599678693573
1045,43.66125,130.0785360838702
1046,43.661875,130.30422608655604
1047,43.6625,130.5086710685764
1048,43.663125,130.70588240085542
1049,43.66375,130.92591670242885
1050,43.664375,131.21486602109425
1051,43.665,131.46439654228845
1052,43.665625,131.64126725823417
1053,43.66625,131.89227018320196
1054,43.666875,132.0303356730002
1055,43.6675,132.09315944095744
1056,43.668125,132.18761888501413
1057,43.66875,132.32320625695166
1058,43.669375,132.4629174927588
1059,43.67,132.58003238573986
1060,43.670625,132.57186511702517
1061,43.67125,132.57186511702517
1062,43.671875,132.58819198205438
1063,43.6725,132.53296536948022
1064,43.673125,132.56777860100624
1065,43.67375,132.6329332591684
1066,43.674375,132.64712092478146
1067,43.675,132.63901652518433
1068,43.675625,132.65319426587826
1069,43.67625,132.70766408094997
1070,43.676875,132.72173030206145
1071,43.6775,132.7417854706066
1072,43.678125,132.76778815330673
1073,43.67875,132.78972978537172
1074,43.679375,132.76978513909273
1075,43.68,132.72173030206145
1076,43.680625,132.64712092478146
1077,43.68125,132.6410433341162
1078,43.681875,132.65117029065345
1079,43.6825,132.66936911159172
1080,43.683125,132.66936911159172
1081,43.68375,132.46498580795802
1082,43.684375,132.1897537970657
1083,43.685,132.05205040840514
1084,43.685625,131.86128863317435
1085,43.68625,131.64126725823417
1086,43.686875,131.39215935093648
1087,43.6875,131.23871526627562
1088,43.688125,130.99967222319378
1089,43.68875,130.71853482791138
1090,43.689375,130.5886070873397
1091,43.69,130.23499422689966
1092,43.690625,129.88865797452797
1093,43.69125,129.7653723099092
1094,43.691875,129.48141006430086
1095,43.6925,129.02958810249723
1096,43.693125,128.39911496979516
1097,43.69375,127.76202403141033
1098,43.694375,127.4508760151814
1099,43.695,127.27223959784288
1100,43.695625,126.92314604464016
1101,43.69625,126.69309533766481
1102,43.696875,126.77709492504647
1103,43.6975,127.26095189042186
1104,43.698125,126.39044898130908
1105,43.69875,125.52463915843667
1106,43.699375,124.75087476285749
1107,43.7,124.4230664390941
1108,43.700625,124.19030029085262
1109,43.70125,124.13112088198059
1110,43.701875,124.36545707142895
1111,43.7025,124.28627794848799
1112,43.703125,124.23308801106366
1113,43.70375,124.24375208807916
1114,43.704375,124.36545707142895
1115,43.705,124.48029622745729
1116,43.705625,124.53715140577447
1117,43.70625,124.44912673358493
1118,43.706875,124.72066294235273
1119,43.7075,124.99374855610603
1120,43.708125,125.17274565448153
1121,43.70875,125.3668782790213
1122,43.709375,125.2490217946086
1123,43.71,124.96927435102064
1124,43.710625,125.13435491954974
1125,43.71125,125.41357672289413
1126,43.711875,125.49700640033329
1127,43.7125,125.10062326691101
1128,43.713125,125.31050670438148
1129,43.71375,125.42288635898157
1130,43.714375,125.35281964691832
1131,43.715,124.96437122380149
1132,43.715625,124.79099441680945
1133,43.71625,124.71056893815097
1134,43.716875,124.52168231951647
1135,43.7175,124.5731391621787
1136,43.718125,124.61408627225138
1137,43.71875,124.55773409227348
1138,43.719375,124.26504104392792
1139,43.72,123.8457722513624
1140,43.720625,123.38760990623899
1141,43.72125,123.28705711568874
1142,43.721875,122.9597064136761
1143,43.7225,122.50962531401187
1144,43.723125,121.98670555371916
1145,43.72375,121.634145401947
1146,43.724375,121.37113790144726
1147,43.725,121.17610973351815
1148,43.725625,120.73257790724324
1149,43.72625,120.99211225189947
1150,43.726875,121.52552510808435
1151,43.7275,121.79103765772908
1152,43.728125,121.4963288129035
1153,43.72875,121.3339710084599
1154,43.729375,121.56188300812822
1155,43.73,121.896407607096
1156,43.730625,122.411478624117
1157,43.73125,122.9597064136761
1158,43.731875,123.06409800168568
1159,43.7325,123.28110583786903
1160,43.733125,123.59103582330376
1161,43.73375,123.98961829724712
1162,43.734375,124.57826811989376
1163,43.735,124.98885922885165
1164,43.735625,125.2014277597015
1165,43.73625,125.23477094705075
1166,43.736875,125.55676666004095
1167,43.7375,125.99885800045534
1168,43.738125,126.38628608181024
1169,43.73875,126.64472830982886
1170,43.739375,126.92705948901278
1171,43.74,127.27975659496983
1172,43.740625,127.46927443264738
1173,43.74125,127.76912905400535
1174,43.741875,128.12398847326625
1175,43.7425,128.33946345206073
1176,43.743125,128.57565022993907
1177,43.74375,128.70414206481496
1178,43.744375,128.60795182773933
1179,43.745,128.58858528763574
1180,43.745625,128.64013374539195
1181,43.74625,128.76134900906987
1182,43.746875,128.87777093554743
1183,43.7475,128.98648186197454
1184,43.748125,129.0357287104858
1185,43.74875,128.908970285321
1186,43.749375,128.9307433414729
1187,43.75,128.92763624444885
1188,43.750625,128.8433217156944
1189,43.75125,128.75818071079
1190,43.751875,128.5659362796576
1191,43.7525,128.3527547930446
1192,43.753125,128.4845614139196
1193,43.75375,128.31615455271086
1194,43.754375,128.06927402690636
1195,43.755,127.90652786138702
1196,43.755625,127.42874634808202
1197,43.75625,127.00496036668326
1198,43.756875,126.68907502301862
1199,43.7575,126.41123360390473
1200,43.758125,126.11562302509965
1201,43.75875,125.7515561815741
1202,43.759375,125.19187757771897
1203,43.76,124.37071010433056
1204,43.760625,123.63115547725572
1205,43.76125,123.15517772093727
1206,43.761875,122.58090119775916
1207,43.7625,121.93124876748271
1208,43.763125,121.2064005737657
1209,43.76375,120.45681221753055
1210,43.764375,119.64542466079136
1211,43.765,118.81032969865134
1212,43.765625,118.02916642792225
1213,43.76625,117.00066515379538
1214,43.766875,116.46948458340603
1215,43.7675,116.5860754566205
1216,43.768125,116.49552924951092
1217,43.76875,116.13716059037635
1218,43.769375,115.90369179364848
1219,43.77,116.53445040337985
1220,43.770625,114.97925722512322
1221,43.77125,113.06425027550688
1222,43.771875,111.79899202651416
1223,43.7725,112.68954540321462
1224,43.773125,113.3677183338
1225,43.77375,114.32006687269599
1226,43.774375,117.21873241400188
1227,43.775,117.122488884846
1228,43.775625,116.28495191463841
1229,43.77625,115.9176003468815
1230,43.776875,116.5731979307064
1231,43.7775,117.110383113356
1232,43.778125,117.43145871091757
1233,43.77875,117.74108756101913
1234,43.779375,118.25506607342646
1235,43.78,118.73027484957787
1236,43.780625,118.79038505237236
1237,43.78125,119.1521457412019
1238,43.781875,119.1521457412019
1239,43.7825,118.475239216574
1240,43.783125,117.70722440063024
1241,43.78375,116.70112203440233
1242,43.784375,115.41704023284288
1243,43.785,114.08301033679598
1244,43.785625,113.14111705714208
1245,43.78625,113.25515663363149
1246,43.786875,115.02558207966685
1247,43.7875,109.18784975518462
1248,43.788125,104.60897842756549
1249,43.78875,108.56269588057577
1250,43.789375,112.01945791373497
1251,43.79,106.40292572222108
1252,43.790625,
1253,43.79125,
1254,43.791875,
1255,43.7925,
1256,43.793125,
1257,43.79375,
1258,43.794375,
1259,43.795,
1260,43.795625,
1261,43.79625,
1262,43.796875,
1263,43.7975,
1264,43.798125,
1265,43.79875,
1266,43.799375,
1267,43.8,
1268,43.800625,
1269,43.80125,
1270,43.801875,
1271,43.8025,
1272,43.803125,
1273,43.80375,
1274,43.804375,
1275,43.805,
1276,43.805625,
1277,43.80625,
1278,43.806875,
1279,43.8075,
1280,43.808125,
1281,43.80875,
1282,43.809375,
1283,43.81,
1284,43.810625,
1285,43.81125,
1286,43.811875,
1287,43.8125,
1288,43.813125,
1289,43.81375,
1290,43.814375,
1291,43.815,
1292,43.815625,
1293,43.81625,
1294,43.816875,
1295,43.8175,
1296,43.818125,
1297,43.81875,
1298,43.819375,
1299,43.82,
1300,43.820625,
1301,43.82125,
1302,43.821875,
1303,43.8225,
1304,43.823125,
1305,43.82375,
1306,43.824375,
1307,43.825,
1308,43.825625,
1309,43.82625,
1310,43.826875,
1311,43.8275,
1312,43.828125,
1313,43.82875,
1314,43.829375,
1315,43.83,
1316,43.830625,
1317,43.83125,
1318,43.831875,
1319,43.8325,
1320,43.833125,
1321,43.83375,
1322,43.834375,
1323,43.835,
1324,43.835625,
1325,43.83625,
1326,43.836875,
1327,43.8375,
1328,43.838125,
1329,43.83875,
1330,43.839375,
1331,43.84,
1332,43.840625,
1333,43.84125,
1334,43.841875,
1335,43.8425,
1336,43.843125,
1337,43.84375,
1338,43.844375,
1339,43.845,
1340,43.845625,
1341,43.84625,
1342,43.846875,
1343,43.8475,
1344,43.848125,
1345,43.84875,
1346,43.849375,
1347,43.85,
1348,43.850625,
1349,43.85125,
1350,43.851875,
1351,43.8525,
1352,43.853125,
1353,43.85375,
1354,43.854375,
1355,43.855,
1356,43.855625,
1357,43.85625,
1358,43.856875,
1359,43.8575,
1360,43.858125,
1361,43.85875,
1362,43.859375,
1363,43.86,
1364,43.860625,
1365,43.86125,
1366,43.861875,
1367,43.8625,
1368,43.863125,
1369,43.86375,
1370,43.864375,
1371,43.865,
1372,43.865625,
1373,43.86625,
1374,43.866875,
1375,43.8675,
1376,43.868125,
1377,43.86875,
1378,43.869375,
1379,43.87,
1380,43.870625,
1381,43.87125,
1382,43.871875,
1383,43.8725,
1384,43.873125,
1385,43.87375,
1386,43.874375,
1387,43.875,
1388,43.875625,
1389,43.87625,
1390,43.876875,
1391,43.8775,
1392,43.878125,
1393,43.87875,
1394,43.879375,
1395,43.88,
1396,43.880625,
1397,43.88125,
1398,43.881875,
1399,43.8825,
1400,43.883125,
1401,43.88375,
1402,43.884375,
1403,43.885,
1404,43.885625,
1405,43.88625,
1406,43.886875,
1407,43.8875,
1408,43.888125,
1409,43.88875,
1410,43.889375,
1411,43.89,
1412,43.890625,
1413,43.89125,
1414,43.891875,
1415,43.8925,
1416,43.893125,
1417,43.89375,
1418,43.894375,
1419,43.895,
1420,43.895625,
1421,43.89625,
1422,43.896875,
1423,43.8975,
1424,43.898125,
1425,43.89875,
1426,43.899375,
1427,43.9,
1428,43.900625,
1429,43.90125,
1430,43.901875,
1431,43.9025,
1432,43.903125,
1433,43.90375,
1434,43.904375,
1435,43.905,
1436,43.905625,
1437,43.90625,
1438,43.906875,
1439,43.9075,
1440,43.908125,
1441,43.90875,
1442,43.909375,
1443,43.91,
1444,43.910625,
1445,43.91125,
1446,43.911875,
1447,43.9125,
1448,43.913125,
1449,43.91375,
1450,43.914375,
1451,43.915,
1452,43.915625,
1453,43.91625,
1454,43.916875,
1455,43.9175,
1456,43.918125,
1457,43.91875,
1458,43.919375,
1459,43.92,
1460,43.920625,
1461,43.92125,
1462,43.921875,
1463,43.9225,
1464,43.923125,
1465,43.92375,
1466,43.924375,
1467,43.925,
1468,43.925625,
1469,43.92625,
1470,43.926875,
1471,43.9275,
1472,43.928125,
1473,43.92875,
1474,43.929375,
1475,43.93,
1476,43.930625,
1477,43.93125,
1478,43.931875,
1479,43.9325,
1480,43.933125,
1481,43.93375,
1482,43.934375,
1483,43.935,
1484,43.935625,
1485,43.93625,
1486,43.936875,
1487,43.9375,
1488,43.938125,
1489,43.93875,
1490,43.939375,
1491,43.94,
1492,43.940625,
1493,43.94125,
1494,43.941875,
1495,43.9425,
1496,43.943125,
1497,43.94375,
1498,43.944375,
1499,43.945,
1500,43.945625,
1501,43.94625,
1502,43.946875,
1503,43.9475,
1504,43.948125,
1505,43.94875,
1506,43.949375,
1507,43.95,
1508,43.950625,
1509,43.95125,
1510,43.951875,
1511,43.9525,
1512,43.953125,
1513,43.95375,
1514,43.954375,
1515,43.955,
1516,43.955625,
1517,43.95625,
1518,43.956875,
1519,43.9575,
1520,43.958125,
1521,43.95875,
1522,43.959375,
1523,43.96,
1524,43.960625,
1525,43.96125,
1526,43.961875,
1527,43.9625,
1528,43.963125,
1529,43.96375,
1530,43.964375,
1531,43.965,
1532,43.965625,
1533,43.96625,
1534,43.966875,
1535,43.9675,
1536,43.968125,
1537,43.96875,
1538,43.969375,
1539,43.97,
1540,43.970625,
1541,43.97125,
1542,43.971875,
1543,43.9725,
1544,43.973125,
1545,43.97375,
1546,43.974375,
1547,43.975,
1548,43.975625,
1549,43.97625,
1550,43.976875,
1551,43.9775,
1552,43.978125,
1553,43.97875,
1554,43.979375,
1555,43.98,
1556,43.980625,
1557,43.98125,
1558,43.981875,
1559,43.9825,
1560,43.983125,
1561,43.98375,
1562,43.984375,
1563,43.985,
1564,43.985625,
1565,43.98625,
1566,43.986875,
1567,43.9875,
1568,43.988125,
1569,43.98875,
1570,43.989375,
1571,43.99,
1572,43.990625,
1573,43.99125,
1574,43.991875,
1575,43.9925,
1576,43.993125,
1577,43.99375,
1578,43.994375,
1579,43.995,
1580,43.995625,
1581,43.99625,
1582,43.996875,
1583,43.9975,
1584,43.998125,
1585,43.99875,
1586,43.999375,
1587,44.0,
1588,44.000625,
1589,44.00125,
1590,44.001875,
1591,44.0025,
1592,44.003125,
1593,44.00375,
1594,44.004375,
1595,44.005,
1596,44.005625,
1597,44.00625,
1598,44.006875,
1599,44.0075,
1600,44.008125,
1601,44.00875,
1602,44.009375,
1603,44.01,
1604,44.010625,
1605,44.01125,
1606,44.011875,
1607,44.0125,
1608,44.013125,
1609,44.01375,
1610,44.014375,
1611,44.015,
1612,44.015625,
1613,44.01625,
1614,44.016875,
1615,44.0175,
1616,44.018125,
1617,44.01875,
1618,44.019375,
1619,44.02,
1620,44.020625,
1621,44.02125,
1622,44.021875,
1623,44.0225,
1624,44.023125,
1625,44.02375,
1626,44.024375,
1627,44.025,
1628,44.025625,
1629,44.02625,
1630,44.026875,
1631,44.0275,
1632,44.028125,
1633,44.02875,
1634,44.029375,
1635,44.03,
1636,44.030625,
1637,44.03125,
1638,44.031875,
1639,44.0325,
1640,44.033125,
1641,44.03375,
1642,44.034375,
1643,44.035,
1644,44.035625,
1645,44.03625,
1646,44.036875,
1647,44.0375,
1648,44.038125,
1649,44.03875,
1650,44.039375,
1651,44.04,
1652,44.040625,
1653,44.04125,
1654,44.041875,
1655,44.0425,
1656,44.043125,
1657,44.04375,
1658,44.044375,
1659,44.045,
1660,44.045625,
1661,44.04625,
1662,44.046875,
1663,44.0475,
1664,44.048125,
1665,44.04875,
1666,44.049375,
1667,44.05,
1668,44.050625,
1669,44.05125,
1670,44.051875,
1671,44.0525,
1672,44.053125,
1673,44.05375,
1674,44.054375,
1675,44.055,
1676,44.055625,
1677,44.05625,
1678,44.056875,
1679,44.0575,
1680,44.058125,
1681,44.05875,
1682,44.059375,
1683,44.06,
1684,44.060625,
1685,44.06125,
1686,44.061875,
1687,44.0625,
1688,44.063125,
1689,44.06375,86.02059991327963
1690,44.064375,93.06425027550688
1691,44.065,94.15140352195874
1692,44.065625,100.42378598139877
1693,44.06625,103.28705711568874
1694,44.066875,105.1535714973837
1695,44.0675,106.92705948901278
1696,44.068125,108.46491747873615
1697,44.06875,109.77101433000888
1698,44.069375,110.8565085391836
1699,44.07,111.7317460934351
1700,44.070625,113.3303596110976
1701,44.07125,115.08696671422038
1702,44.071875,115.87580769381637
1703,44.0725,117.38463439461952
1704,44.073125,118.97803521940426
1705,44.07375,120.46504919267423
1706,44.074375,121.42290580902167
1707,44.075,122.15776050365598
1708,44.075625,122.71537029135645
1709,44.07625,122.94734215587573
1710,44.076875,123.38172714974047
1711,44.0775,123.83460786725713
1712,44.078125,124.038861268033
1713,44.07875,124.37071010433056
1714,44.079375,124.57826811989376
1715,44.08,124.55773409227348
1716,44.080625,124.64467042229467
1717,44.08125,124.90037741475506
1718,44.081875,125.21573337309952
1719,44.0825,125.18709854616068
1720,44.083125,125.34812837505808
1721,44.08375,125.43218602757663
1722,44.084375,125.16316386681588
1723,44.085,125.24427410952833
1724,44.085625,125.26798662668006
1725,44.08625,125.18709854616068
1726,44.086875,125.39492746261533
1727,44.0875,125.53842264131548
1728,44.088125,125.5842102520279
1729,44.08875,125.39492746261533
1730,44.089375,125.40891816035925
1731,44.09,125.50622709083623
1732,44.090625,125.66149949470943
1733,44.09125,126.04661857368798
1734,44.091875,126.19686009432141
1735,44.0925,126.1883445155628
1736,44.093125,126.31940690913835
1737,44.09375,126.64472830982886
1738,44.094375,127.05136772358617
1739,44.095,127.48396515858164
1740,44.095625,127.7156991768667
1741,44.09625,127.96921699216446
1742,44.096875,128.25928543993325
1743,44.0975,128.41890811843945
1744,44.098125,128.69776241734633
1745,44.09875,129.0049821663872
1746,44.099375,129.1878497551846
1747,44.1,129.43463302960103
1748,44.100625,129.64603534446886
1749,44.10125,129.7907325896419
1750,44.101875,130.07581366114363
1751,44.1025,130.30687786176762
1752,44.103125,130.48792244207684
1753,44.10375,130.61679557233043
1754,44.104375,130.80158177608345
1755,44.105,130.94810919334978
1756,44.105625,130.9751565714741
1757,44.10625,131.1163936612238
1758,44.106875,131.2196411117247
1759,44.1075,131.26962170788823
1760,44.108125,131.34993782208446
1761,44.10875,131.46439654228845
1762,44.109375,131.5750756885287
1763,44.11,131.60481016530753
1764,44.110625,131.697926882749
1765,44.11125,131.82129214052998
1766,44.111875,131.97143326964283
1767,44.1125,132.18761888501413
1768,44.113125,132.39855420582936
1769,44.11375,132.6004170222682
1770,44.114375,132.79769483832607
1771,44.115,132.88483171687457
1772,44.115625,133.00809339736065
1773,44.11625,133.29847786876164
1774,44.116875,133.41419190447593
1775,44.1175,133.56308076020875
1776,44.118125,133.76839644005423
1777,44.11875,133.92887526278
1778,44.119375,134.0417144287165
1779,44.12,134.17861071613234
1780,44.120625,134.4838783902866
1781,44.12125,134.60272007993356
1782,44.121875,134.692796779754
1783,44.1225,134.7993539351902
1784,44.123125,134.96686208975098
1785,44.12375,135.1098745683024
1786,44.124375,135.24156174669278
1787,44.125,135.4229269762997
1788,44.125625,135.50492519480474
1789,44.12625,135.59337254414294
1790,44.126875,135.78173830176058
1791,44.1275,135.96195864124974
1792,44.128125,136.05000135528786
1793,44.12875,136.04863252861446
1794,44.129375,136.1817626269269
1795,44.13,136.2649460179521
1796,44.130625,136.32747777504724
1797,44.13125,136.42109510093778
1798,44.131875,136.53056612681303
1799,44.1325,136.62715570884134
1800,44.133125,136.696041080974
1801,44.13375,136.7353409478841
1802,44.134375,136.7769818147451
1803,44.135,136.82593774980563
1804,44.135625,136.9143603593332
1805,44.13625,136.9687091066294
1806,44.136875,136.98593081669452
1807,44.1375,136.94898524998345
1808,44.138125,137.00311844844185
1809,44.13875,137.07153087239283
1810,44.139375,137.13820120601574
1811,44.14,137.16352275964687
1812,44.140625,137.2462061990854
1813,44.14125,137.35641816091146
1814,44.141875,137.4442912679517
1815,44.1425,137.535899524014
1816,44.143125,137.63339815344122
1817,44.14375,137.73770717972016
1818,44.144375,137.77706333965872
1819,44.145,137.82740349392296
1820,44.145625,137.88742907712475
1821,44.14625,137.94374153160308
1822,44.146875,138.02044346496157
1823,44.1475,138.0975553392681
1824,44.148125,138.16004402345106
1825,44.14875,138.2338031750772
1826,44.149375,138.28897881397108
1827,44.15,138.32381319961075
1828,44.150625,138.40872813101518
1829,44.15125,138.4886872708646
1830,44.151875,138.55048681750057
1831,44.1525,138.56074412813766
1832,44.153125,138.46798932317432
1833,44.15375,138.3532604865475
1834,44.154375,138.2465671592082
1835,44.155,138.1804170842231
1836,44.155625,138.0964739960189
1837,44.15625,138.01171173299923
1838,44.156875,138.01171173299923
1839,44.1575,138.16970037757298
1840,44.158125,138.29637960894945
1841,44.15875,138.22102040656253
1842,44.159375,138.03461383458438
1843,44.16,137.87634447934926
1844,44.160625,137.76471346541135
1845,44.16125,137.61969980973507
1846,44.161875,137.5485788157644
1847,44.1625,137.53935934865171
1848,44.163125,137.59338411264108
1849,44.16375,137.48847661173005
1850,44.164375,137.31865336386372
1851,44.165,137.10917160772073
1852,44.165625,136.8969960161328
1853,44.16625,136.71634708586947
1854,44.166875,136.60278774850684
1855,44.1675,136.74924342971988
1856,44.168125,137.21633927729076
1857,44.16875,137.24382062103194
1858,44.169375,135.91898997805606
1859,44.17,135.33271772620535
1860,44.170625,135.07319294571997
1861,44.17125,135.09308138510863
1862,44.171875,135.36239788369596
1863,44.1725,135.44203138554022
1864,44.173125,135.2715544893329
1865,44.17375,134.54919841715818
1866,44.174375,134.0417144287165
1867,44.175,133.67714410800693
1868,44.175625,133.4622620847647
1869,44.17625,133.30223474150102
1870,44.176875,133.2419289083585
1871,44.1775,133.27590244438815
1872,44.178125,133.4012043494627
1873,44.17875,133.3695820586517
1874,44.179375,133.1964231611141
1875,44.18,132.83542941307917
1876,44.180625,132.64914584369447
1877,44.18125,132.4980120440898
1878,44.181875,132.3462986659659
1879,44.1825,131.98455725547592
1880,44.183125,131.82351900623584
1881,44.18375,131.81237896413157
1882,44.184375,131.8856405762361
1883,44.185,131.2172538945493
1884,44.185625,130.39918361504138
1885,44.18625,129.70874962152604
1886,44.186875,129.31360423196557
1887,44.1875,128.99573693971547
1888,44.188125,128.7327926338532
1889,44.18875,128.47147039465472
1890,44.189375,128.19190038793633
1891,44.19,127.82928823678206
1892,44.190625,127.27599890958219
1893,44.19125,126.63664088872497
1894,44.191875,125.84955187335568
1895,44.1925,124.8954352299059
1896,44.193125,124.37595996223476
1897,44.19375,123.58528928678052
1898,44.194375,122.74708222741467
1899,44.195,122.52912226863609
1900,44.195625,121.51093922785063
1901,44.19625,120.53883255918059
1902,44.196875,120.14641905845488
1903,44.1975,119.24738671340043
1904,44.198125,118.55766820661414
1905,44.19875,118.07265032168475
1906,44.199375,117.38463439461952
1907,44.2,117.00066515379538
1908,44.200625,116.97609402103608
1909,44.20125,117.4197762752115
1910,44.201875,117.90845092078817
1911,44.2025,118.27627704767434
1912,44.203125,118.59859120169176
1913,44.20375,119.99130976451964
1914,44.204375,120.74852995881247
1915,44.205,121.2064005737657
1916,44.205625,121.67721601733146
1917,44.20625,122.43119688375002
1918,44.206875,122.87902232847927
1919,44.2075,122.79128532351699
1920,44.208125,123.21537123722257
1921,44.20875,123.59677856046373
1922,44.209375,123.89028683764934
1923,44.21,123.87362059082562
1924,44.210625,124.0823996531185
1925,44.21125,124.33387198339508
1926,44.211875,124.49066125212171
1927,44.2125,124.33914414722194
1928,44.213125,124.27566598670609
1929,44.21375,124.38120664897723
1930,44.214375,124.78098186280383
1931,44.215,125.0035189616785
1932,44.215625,125.13916305121865
1933,44.21625,125.28691014100184
1934,44.216875,125.51543800329864
1935,44.2175,125.72912939493966
1936,44.218125,125.89813821210385
1937,44.21875,126.18408359340816
1938,44.219375,126.49798994104627
1939,44.22,126.86423180359496
1940,44.220625,127.45824005940213
1941,44.22125,127.86799390586204
1942,44.221875,128.2726999439711
1943,44.2225,128.7992787184181
1944,44.223125,129.0049821663872
1945,44.22375,129.28382741282
1946,44.224375,129.67174593937787
1947,44.225,129.9385929614643
1948,44.225625,130.08125765357386
1949,44.22625,130.2001702588047
1950,44.226875,130.47752951276263
1951,44.2275,130.634686185531
1952,44.228125,130.80909227342823
1953,44.22875,131.0509309591132
1954,44.229375,131.1693712504759
1955,44.23,131.1885559951898
1956,44.230625,131.14773764119013
1957,44.23125,131.2053079572543
1958,44.231875,131.32403437709826
1959,44.2325,131.3851366665722
1960,44.233125,131.25774762587758
1961,44.23375,131.21486602109425
1962,44.234375,131.1789689195608
1963,44.235,131.1284624274257
1964,44.235625,130.91356299584052
1965,44.23625,130.78152197585553
1966,44.236875,130.65508757984995
1967,44.2375,130.3755413785355
1968,44.238125,130.13551073213287
1969,44.23875,129.91088675092897
1970,44.239375,129.69453608597323
1971,44.24,129.25694071663347
1972,44.240625,128.8996222417589
1973,44.24125,128.5788858007115
1974,44.241875,127.95532512252899
1975,44.2425,127.42135724543472
1976,44.243125,126.89962827854515
1977,44.24375,126.32360197786906
1978,44.244375,125.55676666004095
1979,44.245,124.72570554896058
1980,44.245625,123.87362059082562
1981,44.24625,123.41110117042417
1982,44.246875,122.58090119775916
1983,44.2475,121.59808935333442
1984,44.248125,121.12284524118104
1985,44.24875,120.07782332473822
1986,44.249375,119.00729708752246
1987,44.25,118.28686314238881
1988,44.250625,116.45643290606209
1989,44.25125,113.8569383855446
1990,44.251875,110.02118524435502
1991,44.2525,105.00840004617787
1992,44.253125,98.38156184752148
1993,44.25375,
1994,44.254375,
1995,44.255,
1996,44.255625,
1997,44.25625,
1998,44.256875,
1999,44.2575,
2000,44.258125,
2001,44.25875,
2002,44.259375,
2003,44.26,
2004,44.260625,
2005,44.26125,
2006,44.261875,
2007,44.2625,
2008,44.263125,
2009,44.26375,
2010,44.264375,
2011,44.265,
2012,44.265625,
2013,44.26625,
2014,44.266875,
2015,44.2675,
2016,44.268125,
2017,44.26875,
2018,44.269375,
2019,44.27,
2020,44.270625,
2021,44.27125,
2022,44.271875,
2023,44.2725,
2024,44.273125,
2025,44.27375,
2026,44.274375,
2027,44.275,
2028,44.275625,
2029,44.27625,
2030,44.276875,
2031,44.2775,
2032,44.278125,
2033,44.27875,
2034,44.279375,
2035,44.28,
2036,44.280625,
2037,44.28125,
2038,44.281875,
2039,44.2825,
2040,44.283125,
2041,44.28375,
2042,44.284375,
2043,44.285,
2044,44.285625,
2045,44.28625,
2046,44.286875,
2047,44.2875,
2048,44.288125,
2049,44.28875,
2050,44.289375,
2051,44.29,
2052,44.290625,
2053,44.29125,
2054,44.291875,
2055,44.2925,
2056,44.293125,
2057,44.29375,
2058,44.294375,
2059,44.295,
2060,44.295625,
2061,44.29625,
2062,44.296875,
2063,44.2975,
2064,44.298125,
2065,44.29875,
2066,44.299375,
2067,44.3,
2068,44.300625,
2069,44.30125,
2070,44.301875,
2071,44.3025,
2072,44.303125,
2073,44.30375,
2074,44.304375,
2075,44.305,
2076,44.305625,
2077,44.30625,
2078,44.306875,
2079,44.3075,
2080,44.308125,
2081,44.30875,
2082,44.309375,
2083,44.31,
2084,44.310625,
2085,44.31125,
2086,44.311875,
2087,44.3125,
2088,44.313125,
2089,44.31375,
2090,44.314375,
2091,44.315,
2092,44.315625,
2093,44.31625,
2094,44.316875,
2095,44.3175,
2096,44.318125,
2097,44.31875,
2098,44.319375,
2099,44.32,
2100,44.320625,
2101,44.32125,
2102,44.321875,
2103,44.3225,
2104,44.323125,
2105,44.32375,
2106,44.324375,
2107,44.325,
2108,44.325625,
2109,44.32625,
2110,44.326875,
2111,44.3275,
2112,44.328125,
2113,44.32875,
2114,44.329375,
2115,44.33,
2116,44.330625,
2117,44.33125,
2118,44.331875,
2119,44.3325,
2120,44.333125,
2121,44.33375,
2122,44.334375,
2123,44.335,
2124,44.335625,
2125,44.33625,
2126,44.336875,
2127,44.3375,
2128,44.338125,
2129,44.33875,
2130,44.339375,
2131,44.34,
2132,44.340625,
2133,44.34125,
2134,44.341875,
2135,44.3425,
2136,44.343125,
2137,44.34375,
2138,44.344375,
2139,44.345,
2140,44.345625,
2141,44.34625,
2142,44.346875,
2143,44.3475,
2144,44.348125,
2145,44.34875,
2146,44.349375,
2147,44.35,
2148,44.350625,
2149,44.35125,
2150,44.351875,
2151,44.3525,
2152,44.353125,
2153,44.35375,
2154,44.354375,
2155,44.355,
2156,44.355625,
2157,44.35625,
2158,44.356875,
2159,44.3575,
2160,44.358125,
2161,44.35875,
2162,44.359375,
2163,44.36,
2164,44.360625,
2165,44.36125,
2166,44.361875,
2167,44.3625,
2168,44.363125,
2169,44.36375,
2170,44.364375,
2171,44.365,
2172,44.365625,
2173,44.36625,
2174,44.366875,
2175,44.3675,
2176,44.368125,
2177,44.36875,
2178,44.369375,
2179,44.37,
2180,44.370625,
2181,44.37125,
2182,44.371875,
2183,44.3725,
2184,44.373125,
2185,44.37375,
2186,44.374375,
2187,44.375,
2188,44.375625,
2189,44.37625,
2190,44.376875,
2191,44.3775,
2192,44.378125,
2193,44.37875,
2194,44.379375,
2195,44.38,
2196,44.380625,
2197,44.38125,
2198,44.381875,
2199,44.3825,
2200,44.383125,
2201,44.38375,
2202,44.384375,
2203,44.385,
2204,44.385625,
2205,44.38625,
2206,44.386875,
2207,44.3875,
2208,44.388125,
2209,44.38875,
2210,44.389375,
2211,44.39,
2212,44.390625,
2213,44.39125,
2214,44.391875,
2215,44.3925,
2216,44.393125,
2217,44.39375,
2218,44.394375,
2219,44.395,
2220,44.395625,
2221,44.39625,
2222,44.396875,
2223,44.3975,
2224,44.398125,
2225,44.39875,
2226,44.399375,
2227,44.4,
2228,44.400625,
2229,44.40125,
2230,44.401875,
2231,44.4025,
2232,44.403125,
2233,44.40375,
2234,44.404375,
2235,44.405,
2236,44.405625,
2237,44.40625,
2238,44.406875,
2239,44.4075,
2240,44.408125,
2241,44.40875,
2242,44.409375,
2243,44.41,
2244,44.410625,
2245,44.41125,
2246,44.411875,
2247,44.4125,
2248,44.413125,
2249,44.41375,
2250,44.414375,
2251,44.415,
2252,44.415625,
2253,44.41625,
2254,44.416875,
2255,44.4175,
2256,44.418125,
2257,44.41875,
2258,44.419375,
2259,44.42,
2260,44.420625,
2261,44.42125,
2262,44.421875,
2263,44.4225,
2264,44.423125,133.67534522850625
2265,44.42375,139.05100587796403
2266,44.424375,133.0255602799629
2267,44.425,122.42462910299244
2268,44.425625,
2269,44.42625,
2270,44.426875,
2271,44.4275,
2272,44.428125,
2273,44.42875,
2274,44.429375,
2275,44.43,
2276,44.430625,
2277,44.43125,
2278,44.431875,
2279,44.4325,
2280,44.433125,
2281,44.43375,
2282,44.434375,
2283,44.435,
2284,44.435625,
2285,44.43625,
2286,44.436875,
2287,44.4375,
2288,44.438125,
2289,44.43875,
2290,44.439375,
2291,44.44,
2292,44.440625,
2293,44.44125,
2294,44.441875,
2295,44.4425,
2296,44.443125,
2297,44.44375,
2298,44.444375,
2299,44.445,
2300,44.445625,
2301,44.44625,
2302,44.446875,
2303,44.4475,
2304,44.448125,
2305,44.44875,129.15158293991524
2306,44.449375,134.84821761160984
2307,44.45,133.9428425255092
2308,44.450625,132.43390924658559
2309,44.45125,130.13010064809745
2310,44.451875,126.19260334851799
2311,44.4525,120.39063369062511
2312,44.453125,107.45824005940213
2313,44.45375,
2314,44.454375,
2315,44.455,
2316,44.455625,
2317,44.45625,
2318,44.456875,
2319,44.4575,
2320,44.458125,
2321,44.45875,
2322,44.459375,
2323,44.46,
2324,44.460625,
2325,44.46125,
2326,44.461875,
2327,44.4625,
2328,44.463125,
2329,44.46375,
2330,44.464375,
2331,44.465,
2332,44.465625,
2333,44.46625,
2334,44.466875,
2335,44.4675,
2336,44.468125,
2337,44.46875,
2338,44.469375,
2339,44.47,
2340,44.470625,
2341,44.47125,
2342,44.471875,
2343,44.4725,
2344,44.473125,
2345,44.47375,
2346,44.474375,
2347,44.475,
2348,44.475625,
2349,44.47625,
2350,44.476875,
2351,44.4775,
2352,44.478125,
2353,44.47875,
2354,44.479375,
2355,44.48,
2356,44.480625,
2357,44.48125,
2358,44.481875,
2359,44.4825,
2360,44.483125,
2361,44.48375,
2362,44.484375,
2363,44.485,
2364,44.485625,
2365,44.48625,
2366,44.486875,
2367,44.4875,
2368,44.488125,
2369,44.48875,
2370,44.489375,
2371,44.49,
2372,44.490625,
2373,44.49125,
2374,44.491875,
2375,44.4925,
2376,44.493125,
2377,44.49375,
2378,44.494375,
2379,44.495,
2380,44.495625,
2381,44.49625,
2382,44.496875,
2383,44.4975,
2384,44.498125,
2385,44.49875,
2386,44.499375,
2387,44.5,
2388,44.500625,
2389,44.50125,
2390,44.501875,
2391,44.5025,
2392,44.503125,
2393,44.50375,
2394,44.504375,
2395,44.505,
2396,44.505625,
2397,44.50625,
2398,44.506875,
2399,44.5075,
2400,44.508125,
2401,44.50875,
2402,44.509375,
2403,44.51,
2404,44.510625,
2405,44.51125,
2406,44.511875,
2407,44.5125,
2408,44.513125,
2409,44.51375,
2410,44.514375,
2411,44.515,
2412,44.515625,
2413,44.51625,
2414,44.516875,
2415,44.5175,
2416,44.518125,
2417,44.51875,
2418,44.519375,
2419,44.52,
2420,44.520625,
2421,44.52125,
2422,44.521875,
2423,44.5225,
2424,44.523125,
2425,44.52375,
2426,44.524375,
2427,44.525,
2428,44.525625,
2429,44.52625,
2430,44.526875,
2431,44.5275,
2432,44.528125,
2433,44.52875,
2434,44.529375,
2435,44.53,
2436,44.530625,
2437,44.53125,
2438,44.531875,
2439,44.5325,
2440,44.533125,
2441,44.53375,
2442,44.534375,
2443,44.535,
2444,44.535625,
2445,44.53625,
2446,44.536875,
2447,44.5375,
2448,44.538125,
2449,44.53875,
2450,44.539375,
2451,44.54,
2452,44.540625,
2453,44.54125,
2454,44.541875,
2455,44.5425,
2456,44.543125,
2457,44.54375,
2458,44.544375,
2459,44.545,
2460,44.545625,
2461,44.54625,
2462,44.546875,
2463,44.5475,
2464,44.548125,
2465,44.54875,
2466,44.549375,
2467,44.55,
2468,44.550625,
2469,44.55125,
2470,44.551875,
2471,44.5525,
2472,44.553125,
2473,44.55375,
2474,44.554375,
2475,44.555,
2476,44.555625,
2477,44.55625,
2478,44.556875,
2479,44.5575,
2480,44.558125,
2481,44.55875,
2482,44.559375,
2483,44.56,
2484,44.560625,
2485,44.56125,
2486,44.561875,
2487,44.5625,
2488,44.563125,
2489,44.56375,
2490,44.564375,
2491,44.565,
2492,44.565625,
2493,44.56625,
2494,44.566875,
2495,44.5675,
2496,44.568125,
2497,44.56875,
2498,44.569375,
2499,44.57,
2500,44.570625,
2501,44.57125,
2502,44.571875,
2503,44.5725,
2504,44.573125,
2505,44.57375,
2506,44.574375,
2507,44.575,
2508,44.575625,
2509,44.57625,
2510,44.576875,
2511,44.5775,
2512,44.578125,
2513,44.57875,
2514,44.579375,
2515,44.58,
2516,44.580625,
2517,44.58125,
2518,44.581875,
2519,44.5825,
2520,44.583125,
2521,44.58375,
2522,44.584375,
2523,44.585,
2524,44.585625,
2525,44.58625,
2526,44.586875,
2527,44.5875,
2528,44.588125,
2529,44.58875,
2530,44.589375,
2531,44.59,
2532,44.590625,
2533,44.59125,
2534,44.591875,
2535,44.5925,
2536,44.593125,
2537,44.59375,
2538,44.594375,
2539,44.595,
2540,44.595625,
2541,44.59625,
2542,44.596875,
2543,44.5975,
2544,44.598125,
2545,44.59875,
2546,44.599375,
2547,44.6,
2548,44.600625,
2549,44.60125,
2550,44.601875,
2551,44.6025,
2552,44.603125,
2553,44.60375,
2554,44.604375,
2555,44.605,
2556,44.605625,
2557,44.60625,
2558,44.606875,
2559,44.6075,
2560,44.608125,
2561,44.60875,
2562,44.609375,
2563,44.61,
2564,44.610625,
2565,44.61125,
2566,44.611875,
2567,44.6125,
2568,44.613125,
2569,44.61375,
2570,44.614375,
2571,44.615,
2572,44.615625,
2573,44.61625,
2574,44.616875,
2575,44.6175,
2576,44.618125,
2577,44.61875,
2578,44.619375,
2579,44.62,
2580,44.620625,
2581,44.62125,
2582,44.621875,102.411478624117
2583,44.6225,112.76978513909273
2584,44.623125,117.26645720240911
2585,44.62375,120.28200643039241
2586,44.624375,123.05188155854938
2587,44.625,125.07160579124366
2588,44.625625,126.773113311574
2589,44.62625,128.37596581180708
2590,44.626875,129.44342293384727
2591,44.6275,130.17867052100064
2592,44.628125,130.65508757984995
2593,44.62875,131.07523396780007
2594,44.629375,131.08008642023808
2595,44.63,130.8115943300891
2596,44.630625,130.45931190983973
2597,44.63125,129.89422050410525
2598,44.631875,129.23896990407525
2599,44.6325,128.5562114535198
2600,44.633125,127.39173781472688
2601,44.63375,125.87608719838673
2602,44.634375,123.81783433844339
2603,44.635,120.57142505385075
2604,44.635625,115.3431173216436
2605,44.63625,99.8245215138499
2606,44.636875,
2607,44.6375,
2608,44.638125,
2609,44.63875,
2610,44.639375,
2611,44.64,
2612,44.640625,
2613,44.64125,
2614,44.641875,
2615,44.6425,
2616,44.643125,
2617,44.64375,
2618,44.644375,
2619,44.645,
2620,44.645625,
2621,44.64625,
2622,44.646875,
2623,44.6475,
2624,44.648125,
2625,44.64875,
2626,44.649375,
2627,44.65,
2628,44.650625,
2629,44.65125,
2630,44.651875,
2631,44.6525,
2632,44.653125,
2633,44.65375,
2634,44.654375,
2635,44.655,
2636,44.655625,
2637,44.65625,
2638,44.656875,
2639,44.6575,
2640,44.658125,
2641,44.65875,
2642,44.659375,
2643,44.66,
2644,44.660625,
2645,44.66125,
2646,44.661875,
2647,44.6625,
2648,44.663125,
2649,44.66375,
2650,44.664375,
2651,44.665,
2652,44.665625,
2653,44.66625,
2654,44.666875,
2655,44.6675,
2656,44.668125,115.64945248332572
2657,44.66875,130.67544116769437
2658,44.669375,135.35053798816764
2659,44.67,138.18684076722616
2660,44.670625,140.1932663335876
2661,44.67125,141.68079561335907
2662,44.671875,142.91511247274414
2663,44.6725,144.00825402394491
2664,44.673125,145.09096154217949
2665,44.67375,146.1670189717345
2666,44.674375,147.10558141584266
2667,44.675,147.87852013171675
2668,44.675625,148.56237177416935
2669,44.67625,149.15249145826115
2670,44.676875,149.64632143625386
2671,44.6775,149.9419117756057
2672,44.678125,149.98659209263334
2673,44.67875,149.85688335324647
2674,44.679375,149.544451565563
2675,44.68,149.06789587226555
2676,44.680625,148.51133647930516
2677,44.68125,147.8816755135651
2678,44.681875,147.23870984842293
2679,44.6825,146.58266714428575
2680,44.683125,145.91222153847752
2681,44.68375,145.2437991982601
2682,44.684375,144.56389939926703
2683,44.685,143.87306449814398
2684,44.685625,143.1823164365554
2685,44.68625,142.60796207305603
2686,44.686875,142.04112385150378
2687,44.6875,141.48096138125265
2688,44.688125,140.9680591230548
2689,44.68875,140.43122784074708
2690,44.689375,139.8916216251979
2691,44.69,139.3929768096145
2692,44.690625,139.01021785971994
2693,44.69125,138.65556140121103
2694,44.691875,138.31749005715383
2695,44.6925,138.08565315291256
2696,44.693125,137.90402949557787
2697,44.69375,137.82517233808278
2698,44.694375,138.03461383458438
2699,44.695,138.471097161351
2700,44.695625,138.96630281378697
2701,44.69625,139.4644049370447
2702,44.696875,139.88458281635397
2703,44.6975,140.3790004300195
2704,44.698125,140.9322441813689
2705,44.69875,141.49340377848014
2706,44.699375,142.11156608104073
2707,44.7,142.7147348701895
2708,44.700625,143.25367731755784
2709,44.70125,143.7633771717339
2710,44.701875,144.22614933337908
2711,44.7025,144.63499708797383
2712,44.703125,144.77847691984832
2713,44.70375,144.83491305141288
2714,44.704375,144.8289372069129
2715,44.705,144.78298529716585
2716,44.705625,144.53663621317443
2717,44.70625,144.20744068050578
2718,44.706875,143.8340492711839
2719,44.7075,143.2817011491772
2720,44.708125,142.6624715080524
2721,44.70875,141.95971459969567
2722,44.709375,141.04618199294646
2723,44.71,140.06058941107236
2724,44.710625,138.98780013289826
2725,44.71125,137.8329788774112
2726,44.711875,136.88581486508687
2727,44.7125,136.0115924313826
2728,44.713125,135.22953559089405
2729,44.71375,135.17823784795948
2730,44.714375,134.74544353071087
2731,44.715,134.07614130548657
2732,44.715625,133.55578782137724
2733,44.71625,132.78773738035366
2734,44.716875,131.78111062104688
2735,44.7175,130.44366635237373
2736,44.718125,128.74866887595942
2737,44.71875,126.55534979805458
2738,44.719375,123.58528928678052
2739,44.72,119.94772768794627
2740,44.720625,112.7497945902502
2741,44.72125,
2742,44.721875,
2743,44.7225,
2744,44.723125,
2745,44.72375,
2746,44.724375,
2747,44.725,
2748,44.725625,
2749,44.72625,
2750,44.726875,
2751,44.7275,
2752,44.728125,
2753,44.72875,
2754,44.729375,
2755,44.73,
2756,44.730625,
2757,44.73125,
2758,44.731875,
2759,44.7325,
2760,44.733125,
2761,44.73375,
2762,44.734375,
2763,44.735,
2764,44.735625,
2765,44.73625,
2766,44.736875,
2767,44.7375,
2768,44.738125,
2769,44.73875,
2770,44.739375,
2771,44.74,
2772,44.740625,
2773,44.74125,
2774,44.741875,
2775,44.7425,
2776,44.743125,
2777,44.74375,
2778,44.744375,
2779,44.745,
2780,44.745625,
2781,44.74625,
2782,44.746875,
2783,44.7475,
2784,44.748125,
2785,44.74875,
2786,44.749375,
2787,44.75,
2788,44.750625,
2789,44.75125,
2790,44.751875,
2791,44.7525,
2792,44.753125,
2793,44.75375,
2794,44.754375,
2795,44.755,
2796,44.755625,
2797,44.75625,
2798,44.756875,
2799,44.7575,
2800,44.758125,
2801,44.75875,
2802,44.759375,
2803,44.76,
2804,44.760625,
2805,44.76125,
2806,44.761875,
2807,44.7625,
2808,44.763125,
2809,44.76375,
2810,44.764375,
2811,44.765,
2812,44.765625,
2813,44.76625,
2814,44.766875,
2815,44.7675,
2816,44.768125,
2817,44.76875,
2818,44.769375,
2819,44.77,
2820,44.770625,
2821,44.77125,
2822,44.771875,
2823,44.7725,
2824,44.773125,
2825,44.77375,
2826,44.774375,
2827,44.775,
2828,44.775625,
2829,44.77625,
2830,44.776875,
2831,44.7775,
2832,44.778125,
2833,44.77875,
2834,44.779375,
2835,44.78,
2836,44.780625,
2837,44.78125,
2838,44.781875,
2839,44.7825,
2840,44.783125,
2841,44.78375,132.4235256355007
2842,44.784375,155.8211748718365
2843,44.785,161.8519569234167
2844,44.785625,163.68741117740396
2845,44.78625,163.91256958983024
2846,44.786875,163.74415155062107
2847,44.7875,163.31556662587278
2848,44.788125,161.38070120668476
2849,44.78875,159.08446414066813
2850,44.789375,156.3696645188777
2851,44.79,153.81950675865735
2852,44.790625,151.40548682866788
2853,44.79125,148.9772169121488
2854,44.791875,146.7027365074325
2855,44.7925,144.7699547061472
2856,44.793125,142.88650156800975
2857,44.79375,141.14951831652508
2858,44.794375,139.88722303816002
2859,44.795,138.9525949476871
2860,44.795625,138.41290002813577
2861,44.79625,138.49282094834325
2862,44.796875,138.88669183941565
2863,44.7975,139.5315843728022
2864,44.798125,140.37567377749394
2865,44.79875,140.869603400451
2866,44.799375,141.26516559900912
2867,44.8,141.5662357466999
2868,44.800625,141.7264846261477
2869,44.80125,141.6585783003026
2870,44.801875,141.4897460997138
2871,44.8025,141.25389546684787
2872,44.803125,141.00682163668168
2873,44.80375,140.74454469164547
2874,44.804375,140.45763626664063
2875,44.805,140.07007229485072
2876,44.805625,139.52608233104004
2877,44.80625,138.86395260137851
2878,44.806875,138.1062012423217
2879,44.8075,137.2652672730096
2880,44.808125,136.21137058432825
2881,44.80875,134.8340596791548
2882,44.809375,133.10276869622766
2883,44.81,131.15014403811315
2884,44.810625,128.85899739155724
2885,44.81125,126.07687549777309
2886,44.811875,122.60023899343808
2887,44.8125,117.9194946471813
2888,44.813125,110.98006524051576
2889,44.81375,
2890,44.814375,
2891,44.815,
2892,44.815625,
2893,44.81625,
2894,44.816875,
2895,44.8175,
2896,44.818125,
2897,44.81875,
2898,44.819375,
2899,44.82,
2900,44.820625,
2901,44.82125,
2902,44.821875,
2903,44.8225,112.88877178935677
2904,44.823125,119.97390316623311
2905,44.82375,124.48548028588516
2906,44.824375,127.5132722792177
2907,44.825,129.50470445208256
2908,44.825625,130.92838533670383
2909,44.82625,132.11902315129745
2910,44.826875,132.94570290050734
2911,44.8275,133.53204339164037
2912,44.828125,133.89561272024122
2913,44.82875,134.27820708257912
2914,44.829375,134.50352602838274
2915,44.83,134.53943167365753
2916,44.830625,134.4329153257949
2917,44.83125,134.21588199860653
2918,44.831875,133.85341398312738
2919,44.8325,133.1850093754532
2920,44.833125,132.52064495658038
2921,44.83375,131.76767536757455
2922,44.834375,130.8415629267125
2923,44.835,129.63171872735245
2924,44.835625,128.45835961535326
2925,44.83625,127.32845914451946
2926,44.836875,125.82737700903165
2927,44.8375,124.04431551602264
2928,44.838125,121.90338702863511
2929,44.83875,119.40693752460186
2930,44.839375,115.93148666420859
2931,44.84,108.97412639810159
2932,44.840625,
2933,44.84125,
2934,44.841875,
2935,44.8425,
2936,44.843125,
2937,44.84375,
2938,44.844375,
2939,44.845,
2940,44.845625,
2941,44.84625,
2942,44.846875,
2943,44.8475,
2944,44.848125,
2945,44.84875,
2946,44.849375,
2947,44.85,
2948,44.850625,
2949,44.85125,
2950,44.851875,
2951,44.8525,
2952,44.853125,
2953,44.85375,
2954,44.854375,
2955,44.855,
2956,44.855625,
2957,44.85625,
2958,44.856875,
2959,44.8575,
2960,44.858125,
2961,44.85875,
2962,44.859375,
2963,44.86,
2964,44.860625,
2965,44.86125,
2966,44.861875,
2967,44.8625,
2968,44.863125,108.84959538128898
2969,44.86375,118.01826135475338
2970,44.864375,121.93124876748271
2971,44.865,124.57826811989376
2972,44.865625,126.68102880693783
2973,44.86625,128.50416102277313
2974,44.866875,129.9744794149581
2975,44.8675,131.0630909633925
2976,44.868125,131.90330829580458
2977,44.86875,132.74779300258422
2978,44.869375,133.38819734575566
2979,44.87,133.92363174337046
2980,44.870625,134.41145440728522
2981,44.87125,134.8151464661554
2982,44.871875,135.13424320329543
2983,44.8725,135.3727620249523
2984,44.873125,135.60490567730704
2985,44.87375,135.73502844291122
2986,44.874375,135.80570328066483
2987,44.875,135.89533595881642
2988,44.875625,135.97025066062702
2989,44.87625,136.01983722520342
2990,44.876875,136.03356118071787
2991,44.8775,136.15205339832988
2992,44.878125,136.24087795860453
2993,44.87875,136.29427225391953
2994,44.879375,136.30358260278837
2995,44.88,136.28761588939878
2996,44.880625,136.2849519146384
2997,44.88125,136.3486628822277
2998,44.881875,136.3948259454602
2999,44.8825,136.35527264560736
3000,44.883125,136.2100269553306
3001,44.88375,136.16827102800735
3002,44.884375,136.12767003648335
3003,44.885,136.0527383616562
3004,44.885625,135.83240965385627
3005,44.88625,135.64801904993058
3006,44.886875,135.47280386520052
3007,44.8875,135.29845969299777
3008,44.888125,135.20694157059813
3009,44.88875,135.00090624023534
3010,44.889375,134.68319026488933
3011,44.89,134.4197148830748
3012,44.890625,134.22264144613683
3013,44.89125,134.03308634651498
3014,44.891875,133.77906925274834
3015,44.8925,133.43086170525146
3016,44.893125,133.11045192506836
3017,44.89375,132.85126874208777
3018,44.894375,132.4401334601361
3019,44.895,132.06288745240363
3020,44.895625,131.66624303966157
3021,44.89625,131.0897832000764
3022,44.896875,130.61167719290236
3023,44.8975,130.13280611133007
3024,44.898125,129.59438470879144
3025,44.89875,128.9648482526888
3026,44.899375,128.3726537470813
3027,44.9,127.80810312960162
3028,44.900625,127.02432690678684
3029,44.90125,126.10702738893247
3030,44.901875,125.12954412483353
3031,44.9025,124.2384216861702
3032,44.903125,123.19735694185134
3033,44.90375,122.11020369539949
3034,44.904375,121.01532622466084
3035,44.905,118.8599918673208
3036,44.905625,115.7916142432885
3037,44.90625,111.19813250072225
3038,44.906875,105.10545010206613
3039,44.9075,
3040,44.908125,
3041,44.90875,
3042,44.909375,
3043,44.91,
3044,44.910625,
3045,44.91125,
3046,44.911875,
3047,44.9125,
3048,44.913125,
3049,44.91375,
3050,44.914375,
3051,44.915,
3052,44.915625,
3053,44.91625,
3054,44.916875,
3055,44.9175,
3056,44.918125,
3057,44.91875,
3058,44.919375,
3059,44.92,
3060,44.920625,
3061,44.92125,
3062,44.921875,
3063,44.9225,
3064,44.923125,
3065,44.92375,
3066,44.924375,
3067,44.925,
3068,44.925625,
3069,44.92625,
3070,44.926875,
3071,44.9275,
3072,44.928125,
3073,44.92875,
3074,44.929375,
3075,44.93,
3076,44.930625,
3077,44.93125,
3078,44.931875,
3079,44.9325,
3080,44.933125,
3081,44.93375,
3082,44.934375,
3083,44.935,
3084,44.935625,
3085,44.93625,
3086,44.936875,
3087,44.9375,
3088,44.938125,
3089,44.93875,
3090,44.939375,
3091,44.94,
3092,44.940625,
3093,44.94125,
3094,44.941875,
3095,44.9425,
3096,44.943125,
3097,44.94375,
3098,44.944375,
3099,44.945,
3100,44.945625,
3101,44.94625,
3102,44.946875,
3103,44.9475,
3104,44.948125,
3105,44.94875,
3106,44.949375,
3107,44.95,
3108,44.950625,
3109,44.95125,
3110,44.951875,
3111,44.9525,
3112,44.953125,
3113,44.95375,
3114,44.954375,
3115,44.955,
3116,44.955625,
3117,44.95625,
3118,44.956875,
3119,44.9575,
3120,44.958125,
3121,44.95875,
3122,44.959375,
3123,44.96,
3124,44.960625,
3125,44.96125,
3126,44.961875,
3127,44.9625,
3128,44.963125,
3129,44.96375,
3130,44.964375,
3131,44.965,
3132,44.965625,
3133,44.96625,
3134,44.966875,
3135,44.9675,
3136,44.968125,
3137,44.96875,
3138,44.969375,
3139,44.97,
3140,44.970625,
3141,44.97125,
3142,44.971875,
3143,44.9725,
3144,44.973125,
3145,44.97375,
3146,44.974375,
3147,44.975,
3148,44.975625,
3149,44.97625,
3150,44.976875,
3151,44.9775,
3152,44.978125,
3153,44.97875,
3154,44.979375,
3155,44.98,
3156,44.980625,
3157,44.98125,
3158,44.981875,
3159,44.9825,
3160,44.983125,
3161,44.98375,
3162,44.984375,
3163,44.985,
3164,44.985625,
3165,44.98625,
3166,44.986875,
3167,44.9875,
3168,44.988125,
3169,44.98875,92.66936911159172
3170,44.989375,106.7691298720921
3171,44.99,111.12605001534574
3172,44.990625,113.660940764777
3173,44.99125,115.3579523203618
3174,44.991875,116.5731979307064
3175,44.9925,117.72981450344965
3176,44.993125,118.71014531649425
3177,44.99375,119.49023385474658
3178,44.994375,119.45331184532222
3179,44.995,119.14256395353627
3180,44.995625,118.64947529354308
3181,44.99625,118.54740726078047
3182,44.996875,117.9194946471813
3183,44.9975,117.14664992862537
3184,44.998125,116.76438443815252
3185,44.99875,116.02807420034709
3186,44.999375,115.01016789702692
3187,45.0,113.67894261503025
3188,45.000625,113.23625371074522
3189,45.00125,111.07766053287749
3190,45.001875,107.34711842052037
3191,45.0025,106.96609726096321
3192,45.003125,99.0848501887865
3193,45.00375,
3194,45.004375,
3195,45.005,
3196,45.005625,
3197,45.00625,
3198,45.006875,
3199,45.0075,
3200,45.008125,
3201,45.00875,
3202,45.009375,
3203,45.01,
3204,45.010625,
3205,45.01125,
3206,45.011875,
3207,45.0125,
3208,45.013125,
3209,45.01375,
3210,45.014375,
3211,45.015,
3212,45.015625,
3213,45.01625,
3214,45.016875,
3215,45.0175,
3216,45.018125,
3217,45.01875,
3218,45.019375,
3219,45.02,
3220,45.020625,
3221,45.02125,
3222,45.021875,
3223,45.0225,
3224,45.023125,
3225,45.02375,
3226,45.024375,
3227,45.025,
3228,45.025625,
3229,45.02625,
3230,45.026875,
3231,45.0275,
3232,45.028125,
3233,45.02875,
3234,45.029375,
3235,45.03,
3236,45.030625,
3237,45.03125,
3238,45.031875,
3239,45.0325,
3240,45.033125,
3241,45.03375,
3242,45.034375,
3243,45.035,
3244,45.035625,
3245,45.03625,
3246,45.036875,
3247,45.0375,
3248,45.038125,
3249,45.03875,
3250,45.039375,
3251,45.04,
3252,45.040625,
3253,45.04125,
3254,45.041875,
3255,45.0425,
3256,45.043125,
3257,45.04375,
3258,45.044375,
3259,45.045,
3260,45.045625,
3261,45.04625,
3262,45.046875,
3263,45.0475,
3264,45.048125,
3265,45.04875,
3266,45.049375,
3267,45.05,
3268,45.050625,
3269,45.05125,
3270,45.051875,
3271,45.0525,
3272,45.053125,
3273,45.05375,
3274,45.054375,
3275,45.055,
3276,45.055625,
3277,45.05625,
3278,45.056875,
3279,45.0575,
3280,45.058125,
3281,45.05875,
3282,45.059375,
3283,45.06,
3284,45.060625,
3285,45.06125,
3286,45.061875,
3287,45.0625,
3288,45.063125,
3289,45.06375,
3290,45.064375,
3291,45.065,
3292,45.065625,
3293,45.06625,
3294,45.066875,
3295,45.0675,
3296,45.068125,
3297,45.06875,
3298,45.069375,
3299,45.07,
3300,45.070625,
3301,45.07125,
3302,45.071875,
3303,45.0725,
3304,45.073125,
3305,45.07375,
3306,45.074375,
3307,45.075,
3308,45.075625,
3309,45.07625,
3310,45.076875,
3311,45.0775,
3312,45.078125,
3313,45.07875,
3314,45.079375,
3315,45.08,
3316,45.080625,
3317,45.08125,
3318,45.081875,
3319,45.0825,
3320,45.083125,
3321,45.08375,
3322,45.084375,
3323,45.085,
3324,45.085625,
3325,45.08625,
3326,45.086875,
3327,45.0875,
3328,45.088125,
3329,45.08875,
3330,45.089375,
3331,45.09,
3332,45.090625,66.02059991327963
3333,45.09125,96.39087871083737
3334,45.091875,73.97940008672037
3335,45.0925,79.08485018878649
3336,45.093125,93.97940008672037
3337,45.09375,100.90645957573315
3338,45.094375,101.93820026016112
3339,45.095,100.82785370316451
3340,45.095625,96.65017825412474
3341,45.09625,102.21179420598497
3342,45.096875,103.46372536824548
3343,45.0975,103.57953894586339
3344,45.098125,105.66602457407099
3345,45.09875,105.39025888435832
3346,45.099375,105.00840004617787
3347,45.1,105.80069222725037
3348,45.100625,105.84512142712953
3349,45.10125,106.92705948901278
3350,45.101875,108.49763273262134
3351,45.1025,107.95880017344075
3352,45.103125,106.96609726096321
3353,45.10375,105.05706061959786
3354,45.104375,99.46255707199397
3355,45.105,99.912703891951
3356,45.105625,99.8245215138499
3357,45.10625,97.0251669743815
3358,45.106875,82.27886704613674
3359,45.1075,
3360,45.108125,
3361,45.10875,
3362,45.109375,
3363,45.11,
3364,45.110625,
3365,45.11125,
3366,45.111875,
3367,45.1125,
3368,45.113125,
3369,45.11375,
3370,45.114375,
3371,45.115,
3372,45.115625,
3373,45.11625,
3374,45.116875,
3375,45.1175,
3376,45.118125,
3377,45.11875,
3378,45.119375,
3379,45.12,
3380,45.120625,
3381,45.12125,
3382,45.121875,
3383,45.1225,
3384,45.123125,
3385,45.12375,
3386,45.124375,
3387,45.125,
3388,45.125625,
3389,45.12625,
3390,45.126875,
3391,45.1275,
3392,45.128125,
3393,45.12875,
3394,45.129375,
3395,45.13,
3396,45.130625,
3397,45.13125,
3398,45.131875,
3399,45.1325,
3400,45.133125,
3401,45.13375,
3402,45.134375,
3403,45.135,
3404,45.135625,
3405,45.13625,
3406,45.136875,
3407,45.1375,
3408,45.138125,
3409,45.13875,
3410,45.139375,
3411,45.14,
3412,45.140625,
3413,45.14125,
3414,45.141875,
3415,45.1425,
3416,45.143125,
3417,45.14375,
3418,45.144375,
3419,45.145,
3420,45.145625,
3421,45.14625,
3422,45.146875,
3423,45.1475,
3424,45.148125,
3425,45.14875,
3426,45.149375,
3427,45.15,
3428,45.150625,
3429,45.15125,
3430,45.151875,
3431,45.1525,
3432,45.153125,
3433,45.15375,
3434,45.154375,
3435,45.155,
3436,45.155625,
3437,45.15625,
3438,45.156875,
3439,45.1575,
3440,45.158125,
3441,45.15875,
3442,45.159375,
3443,45.16,
3444,45.160625,
3445,45.16125,
3446,45.161875,
3447,45.1625,
3448,45.163125,
3449,45.16375,
3450,45.164375,
3451,45.165,
3452,45.165625,
3453,45.16625,
3454,45.166875,
3455,45.1675,
3456,45.168125,
3457,45.16875,
3458,45.169375,
3459,45.17,
3460,45.170625,
3461,45.17125,
3462,45.171875,
3463,45.1725,
3464,45.173125,
3465,45.17375,
3466,45.174375,
3467,45.175,
3468,45.175625,
3469,45.17625,
3470,45.176875,
3471,45.1775,
3472,45.178125,
3473,45.17875,
3474,45.179375,
3475,45.18,
3476,45.180625,
3477,45.18125,
3478,45.181875,
3479,45.1825,
3480,45.183125,
3481,45.18375,
3482,45.184375,
3483,45.185,
3484,45.185625,
3485,45.18625,
3486,45.186875,
3487,45.1875,
3488,45.188125,
3489,45.18875,
3490,45.189375,
3491,45.19,
3492,45.190625,
3493,45.19125,
3494,45.191875,
3495,45.1925,
3496,45.193125,
3497,45.19375,
3498,45.194375,
3499,45.195,
3500,45.195625,
3501,45.19625,
3502,45.196875,
3503,45.1975,
3504,45.198125,
3505,45.19875,
3506,45.199375,
3507,45.2,
3508,45.200625,
3509,45.20125,
3510,45.201875,
3511,45.2025,
3512,45.203125,
3513,45.20375,
3514,45.204375,
3515,45.205,
3516,45.205625,
3517,45.20625,
3518,45.206875,
3519,45.2075,
3520,45.208125,
3521,45.20875,
3522,45.209375,
3523,45.21,
3524,45.210625,
3525,45.21125,
3526,45.211875,
3527,45.2125,
3528,45.213125,
3529,45.21375,
3530,45.214375,
3531,45.215,
3532,45.215625,
3533,45.21625,
3534,45.216875,
3535,45.2175,
3536,45.218125,
3537,45.21875,
3538,45.219375,
3539,45.22,
3540,45.220625,
3541,45.22125,
3542,45.221875,
3543,45.2225,
3544,45.223125,
3545,45.22375,
3546,45.224375,
3547,45.225,
3548,45.225625,
3549,45.22625,
3550,45.226875,
3551,45.2275,
3552,45.228125,
3553,45.22875,
3554,45.229375,
3555,45.23,
3556,45.230625,
3557,45.23125,
3558,45.231875,
3559,45.2325,
3560,45.233125,
3561,45.23375,
3562,45.234375,
3563,45.235,
3564,45.235625,
3565,45.23625,
3566,45.236875,
3567,45.2375,
3568,45.238125,
3569,45.23875,
3570,45.239375,
3571,45.24,
3572,45.240625,
3573,45.24125,
3574,45.241875,
3575,45.2425,
3576,45.243125,
3577,45.24375,
3578,45.244375,
3579,45.245,
3580,45.245625,
3581,45.24625,
3582,45.246875,
3583,45.2475,
3584,45.248125,
3585,45.24875,
3586,45.249375,
3587,45.25,
3588,45.250625,
3589,45.25125,
3590,45.251875,
3591,45.2525,
3592,45.253125,
3593,45.25375,
3594,45.254375,
3595,45.255,
3596,45.255625,
3597,45.25625,
3598,45.256875,
3599,45.2575,
3600,45.258125,
3601,45.25875,
3602,45.259375,
3603,45.26,
3604,45.260625,
3605,45.26125,
3606,45.261875,
3607,45.2625,
3608,45.263125,
3609,45.26375,
3610,45.264375,
3611,45.265,
3612,45.265625,
3613,45.26625,
3614,45.266875,
3615,45.2675,
3616,45.268125,
3617,45.26875,
3618,45.269375,
3619,45.27,
3620,45.270625,
3621,45.27125,
3622,45.271875,
3623,45.2725,
3624,45.273125,
3625,45.27375,
3626,45.274375,
3627,45.275,
3628,45.275625,
3629,45.27625,
3630,45.276875,
3631,45.2775,
3632,45.278125,
3633,45.27875,
3634,45.279375,
3635,45.28,
3636,45.280625,
3637,45.28125,
3638,45.281875,
3639,45.2825,
3640,45.283125,
3641,45.28375,
3642,45.284375,
3643,45.285,
3644,45.285625,
3645,45.28625,
3646,45.286875,
3647,45.2875,
3648,45.288125,
3649,45.28875,
3650,45.289375,
3651,45.29,
3652,45.290625,
3653,45.29125,
3654,45.291875,
3655,45.2925,
3656,45.293125,
3657,45.29375,
3658,45.294375,
3659,45.295,
3660,45.295625,
3661,45.29625,
3662,45.296875,
3663,45.2975,
3664,45.298125,
3665,45.29875,
3666,45.299375,
3667,45.3,
3668,45.300625,
3669,45.30125,
3670,45.301875,
3671,45.3025,
3672,45.303125,
3673,45.30375,
3674,45.304375,
3675,45.305,
3676,45.305625,
3677,45.30625,
3678,45.306875,
3679,45.3075,
3680,45.308125,
3681,45.30875,
3682,45.309375,
3683,45.31,
3684,45.310625,
3685,45.31125,
3686,45.311875,
3687,45.3125,
3688,45.313125,
3689,45.31375,
3690,45.314375,
3691,45.315,
3692,45.315625,
3693,45.31625,
3694,45.316875,
3695,45.3175,
3696,45.318125,
3697,45.31875,
3698,45.319375,
3699,45.32,
3700,45.320625,
3701,45.32125,
3702,45.321875,
3703,45.3225,
3704,45.323125,
3705,45.32375,
3706,45.324375,
3707,45.325,
3708,45.325625,
3709,45.32625,
3710,45.326875,
3711,45.3275,
3712,45.328125,
3713,45.32875,
3714,45.329375,
3715,45.33,
3716,45.330625,
3717,45.33125,
3718,45.331875,
3719,45.3325,
3720,45.333125,
3721,45.33375,
3722,45.334375,
3723,45.335,
3724,45.335625,
3725,45.33625,
3726,45.336875,
3727,45.3375,
3728,45.338125,
3729,45.33875,
3730,45.339375,
3731,45.34,
3732,45.340625,
3733,45.34125,
3734,45.341875,
3735,45.3425,
3736,45.343125,
3737,45.34375,
3738,45.344375,
3739,45.345,
3740,45.345625,
3741,45.34625,
3742,45.346875,
3743,45.3475,
3744,45.348125,
3745,45.34875,
3746,45.349375,
3747,45.35,
3748,45.350625,
3749,45.35125,
3750,45.351875,
3751,45.3525,
3752,45.353125,
3753,45.35375,
3754,45.354375,
3755,45.355,
3756,45.355625,
3757,45.35625,
3758,45.356875,
3759,45.3575,
3760,45.358125,
3761,45.35875,
3762,45.359375,
3763,45.36,
3764,45.360625,
3765,45.36125,
3766,45.361875,
3767,45.3625,
3768,45.363125,
3769,45.36375,
3770,45.364375,
3771,45.365,
3772,45.365625,
3773,45.36625,
3774,45.366875,
3775,45.3675,
3776,45.368125,
3777,45.36875,
3778,45.369375,
3779,45.37,
3780,45.370625,
3781,45.37125,
3782,45.371875,
3783,45.3725,
3784,45.373125,
3785,45.37375,
3786,45.374375,
3787,45.375,
3788,45.375625,
3789,45.37625,
3790,45.376875,
3791,45.3775,
3792,45.378125,
3793,45.37875,
3794,45.379375,
3795,45.38,
3796,45.380625,
3797,45.38125,
3798,45.381875,
3799,45.3825,
3800,45.383125,
3801,45.38375,
3802,45.384375,
3803,45.385,
3804,45.385625,
3805,45.38625,
3806,45.386875,
3807,45.3875,
3808,45.388125,
3809,45.38875,
3810,45.389375,
3811,45.39,
3812,45.390625,
3813,45.39125,
3814,45.391875,
3815,45.3925,
3816,45.393125,
3817,45.39375,
3818,45.394375,
3819,45.395,
3820,45.395625,
3821,45.39625,
3822,45.396875,
3823,45.3975,
3824,45.398125,
3825,45.39875,
3826,45.399375,
3827,45.4,
3828,45.400625,
3829,45.40125,
3830,45.401875,
3831,45.4025,
3832,45.403125,
3833,45.40375,
3834,45.404375,
3835,45.405,
3836,45.405625,
3837,45.40625,
3838,45.406875,
3839,45.4075,
3840,45.408125,
3841,45.40875,
3842,45.409375,
3843,45.41,
3844,45.410625,
3845,45.41125,
3846,45.411875,
3847,45.4125,
3848,45.413125,
3849,45.41375,
3850,45.414375,
3851,45.415,
3852,45.415625,
3853,45.41625,
3854,45.416875,
3855,45.4175,
3856,45.418125,
3857,45.41875,
3858,45.419375,
3859,45.42,
3860,45.420625,
3861,45.42125,
3862,45.421875,
3863,45.4225,
3864,45.423125,
3865,45.42375,
3866,45.424375,
3867,45.425,
3868,45.425625,
3869,45.42625,
3870,45.426875,
3871,45.4275,
3872,45.428125,
3873,45.42875,
3874,45.429375,
3875,45.43,
3876,45.430625,
3877,45.43125,
3878,45.431875,
3879,45.4325,
3880,45.433125,
3881,45.43375,
3882,45.434375,
3883,45.435,
3884,45.435625,
3885,45.43625,
3886,45.436875,
3887,45.4375,
3888,45.438125,
3889,45.43875,
3890,45.439375,
3891,45.44,
3892,45.440625,
3893,45.44125,
3894,45.441875,
3895,45.4425,
3896,45.443125,
3897,45.44375,
3898,45.444375,
3899,45.445,
3900,45.445625,
3901,45.44625,
3902,45.446875,
3903,45.4475,
3904,45.448125,
3905,45.44875,
3906,45.449375,
3907,45.45,
3908,45.450625,
3909,45.45125,
3910,45.451875,
3911,45.4525,
3912,45.453125,
3913,45.45375,
3914,45.454375,
3915,45.455,
3916,45.455625,
3917,45.45625,
3918,45.456875,
3919,45.4575,
3920,45.458125,
3921,45.45875,
3922,45.459375,
3923,45.46,
3924,45.460625,
3925,45.46125,
3926,45.461875,
3927,45.4625,
3928,45.463125,
3929,45.46375,
3930,45.464375,
3931,45.465,
3932,45.465625,
3933,45.46625,
3934,45.466875,
3935,45.4675,
3936,45.468125,
3937,45.46875,
3938,45.469375,
3939,45.47,
3940,45.470625,
3941,45.47125,
3942,45.471875,
3943,45.4725,
3944,45.473125,
3945,45.47375,
3946,45.474375,
3947,45.475,
3948,45.475625,
3949,45.47625,
3950,45.476875,
3951,45.4775,
3952,45.478125,
3953,45.47875,
3954,45.479375,
3955,45.48,
3956,45.480625,
3957,45.48125,
3958,45.481875,
3959,45.4825,
3960,45.483125,
3961,45.48375,
3962,45.484375,
3963,45.485,
3964,45.485625,
3965,45.48625,
3966,45.486875,
3967,45.4875,
3968,45.488125,
3969,45.48875,
3970,45.489375,
3971,45.49,
3972,45.490625,
3973,45.49125,
3974,45.491875,
3975,45.4925,
3976,45.493125,
3977,45.49375,
3978,45.494375,
3979,45.495,
3980,45.495625,
3981,45.49625,
3982,45.496875,
3983,45.4975,
3984,45.498125,
3985,45.49875,
3986,45.499375,
3987,45.5,
3988,45.500625,
3989,45.50125,
3990,45.501875,
3991,45.5025,
3992,45.503125,
3993,45.50375,
3994,45.504375,
3995,45.505,
3996,45.505625,
3997,45.50625,
3998,45.506875,
3999,45.5075,
4000,45.508125,
4001,45.50875,
4002,45.509375,
4003,45.51,
4004,45.510625,
4005,45.51125,
4006,45.511875,
4007,45.5125,
4008,45.513125,
4009,45.51375,
4010,45.514375,
4011,45.515,
4012,45.515625,
4013,45.51625,
4014,45.516875,
4015,45.5175,
4016,45.518125,
4017,45.51875,
4018,45.519375,
4019,45.52,
4020,45.520625,
4021,45.52125,
4022,45.521875,
4023,45.5225,
4024,45.523125,
4025,45.52375,
4026,45.524375,
4027,45.525,
4028,45.525625,
4029,45.52625,
4030,45.526875,
4031,45.5275,
4032,45.528125,
4033,45.52875,
4034,45.529375,
4035,45.53,
4036,45.530625,
4037,45.53125,
4038,45.531875,
4039,45.5325,
4040,45.533125,
4041,45.53375,
4042,45.534375,
4043,45.535,
4044,45.535625,
4045,45.53625,
4046,45.536875,
4047,45.5375,
4048,45.538125,
4049,45.53875,
4050,45.539375,
4051,45.54,
4052,45.540625,
4053,45.54125,
4054,45.541875,
4055,45.5425,
4056,45.543125,
4057,45.54375,
4058,45.544375,
4059,45.545,
4060,45.545625,
4061,45.54625,
4062,45.546875,
4063,45.5475,
4064,45.548125,
4065,45.54875,
4066,45.549375,
4067,45.55,
4068,45.550625,
4069,45.55125,
4070,45.551875,
4071,45.5525,
4072,45.553125,
4073,45.55375,
4074,45.554375,
4075,45.555,
4076,45.555625,
4077,45.55625,
4078,45.556875,
4079,45.5575,
4080,45.558125,
4081,45.55875,
4082,45.559375,
4083,45.56,
4084,45.560625,
4085,45.56125,
4086,45.561875,
4087,45.5625,
4088,45.563125,
4089,45.56375,
4090,45.564375,
4091,45.565,
4092,45.565625,
4093,45.56625,
4094,45.566875,
4095,45.5675,
4096,45.568125,
4097,45.56875,
4098,45.569375,
4099,45.57,
4100,45.570625,
4101,45.57125,
4102,45.571875,
4103,45.5725,
4104,45.573125,
4105,45.57375,
4106,45.574375,
4107,45.575,
4108,45.575625,
4109,45.57625,
4110,45.576875,
4111,45.5775,
4112,45.578125,
4113,45.57875,
4114,45.579375,
4115,45.58,
4116,45.580625,
4117,45.58125,
4118,45.581875,
4119,45.5825,
4120,45.583125,
4121,45.58375,
4122,45.584375,
4123,45.585,
4124,45.585625,
4125,45.58625,
4126,45.586875,
4127,45.5875,
4128,45.588125,
4129,45.58875,
4130,45.589375,
4131,45.59,
4132,45.590625,
4133,45.59125,
4134,45.591875,
4135,45.5925,
4136,45.593125,
4137,45.59375,
4138,45.594375,
4139,45.595,
4140,45.595625,
4141,45.59625,
4142,45.596875,
4143,45.5975,
4144,45.598125,
4145,45.59875,
4146,45.599375,
4147,45.6,
4148,45.600625,
4149,45.60125,
4150,45.601875,
4151,45.6025,
4152,45.603125,
4153,45.60375,
4154,45.604375,
4155,45.605,
4156,45.605625,
4157,45.60625,
4158,45.606875,
4159,45.6075,
4160,45.608125,
4161,45.60875,
4162,45.609375,
4163,45.61,
4164,45.610625,
4165,45.61125,
4166,45.611875,
4167,45.6125,
4168,45.613125,
4169,45.61375,
4170,45.614375,
4171,45.615,
4172,45.615625,
4173,45.61625,
4174,45.616875,
4175,45.6175,
4176,45.618125,
4177,45.61875,
4178,45.619375,
4179,45.62,
4180,45.620625,
4181,45.62125,
4182,45.621875,
4183,45.6225,
4184,45.623125,
4185,45.62375,
4186,45.624375,
4187,45.625,
4188,45.625625,
4189,45.62625,
4190,45.626875,
4191,45.6275,
4192,45.628125,
4193,45.62875,
4194,45.629375,
4195,45.63,92.25567713439472
4196,45.630625,100.17200343523837
4197,45.63125,102.67077816740436
4198,45.631875,109.15763793467985
4199,45.6325,111.86572134040915
4200,45.633125,112.90844538698184
4201,45.63375,114.43621230425093
4202,45.634375,115.63510749304938
4203,45.635,116.65017825412474
4204,45.635625,117.59338411264108
4205,45.63625,118.40246652581448
4206,45.636875,119.43479181775557
4207,45.6375,120.71659650505657
4208,45.638125,121.44499795227028
4209,45.63875,122.06238507091427
4210,45.639375,122.57444568676853
4211,45.64,122.91635428983655
4212,45.640625,123.37584040628364
4213,45.64125,123.75605277436838
4214,45.641875,123.9069211669684
4215,45.6425,124.12572088824865
4216,45.643125,124.25972369473337
4217,45.64375,124.31803626408063
4218,45.644375,124.40739264902788
4219,45.645,124.70046318990447
4220,45.645625,124.94964521354107
4221,45.64625,124.78098186280383
4222,45.646875,124.61408627225138
4223,45.6475,124.55773409227348
4224,45.648125,124.6802163517436
4225,45.64875,124.6802163517436
4226,45.649375,124.65992220784308
4227,45.65,124.61408627225138
4228,45.650625,124.49066125212171
4229,45.65125,124.55259299142017
4230,45.651875,124.69034567025373
4231,45.6525,124.86076097372589
4232,45.653125,124.50101392276098
4233,45.65375,124.32859661752502
4234,45.654375,124.4021617608011
4235,45.655,124.29687696095397
4236,45.655625,124.51651982923786
4237,45.65625,124.80599164005426
4238,45.656875,124.82096301343289
4239,45.6575,125.04735028919798
4240,45.658125,125.17274565448153
4241,45.65875,125.11027425639068
4242,45.659375,125.23477094705075
4243,45.66,125.39959353290648
4244,45.660625,125.56134661777324
4245,45.66125,125.5933388809691
4246,45.661875,125.7381070594475
4247,45.6625,125.83181651316002
4248,45.663125,125.7381070594475
4249,45.66375,125.9639573421963
4250,45.664375,126.09842323801784
4251,45.665,126.1199176554161
4252,45.665625,126.21811258752282
4253,45.66625,126.27312693236063
4254,45.666875,126.33617504106044
4255,45.6675,126.50209965942815
4256,45.668125,126.68907502301862
4257,45.66875,126.72919467697058
4258,45.669375,126.55126520374554
4259,45.67,126.6487691983121
4260,45.670625,126.69711379234583
4261,45.67125,126.70514512869063
4262,45.671875,126.70514512869063
4263,45.6725,126.7371964183362
4264,45.673125,126.76115750839513
4265,45.67375,126.74519079500553
4266,45.674375,126.86817187607714
4267,45.675,126.8760466632331
4268,45.675625,126.76115750839513
4269,45.67625,126.74918522581311
4270,45.676875,126.72519104028387
4271,45.6775,126.62854593041486
4272,45.678125,126.29419385910347
4273,45.67875,126.11562302509965
4274,45.679375,125.84512142712953
4275,45.68,125.38558779543797
4276,45.680625,125.6569720566929
4277,45.68125,125.59789960023275
4278,45.681875,125.32933790880483
4279,45.6825,125.28218312611617
4280,45.683125,125.52463915843667
4281,45.68375,125.6795856847696
4282,45.684375,125.44611688804173
4283,45.685,125.5933388809691
4284,45.685625,125.78731903040064
4285,45.68625,125.9639573421963
4286,45.686875,125.9639573421963
4287,45.6875,126.20536733264896
4288,45.688125,126.5226191342159
4289,45.68875,126.72919467697058
4290,45.689375,126.8760466632331
4291,45.69,126.97388380531082
4292,45.690625,127.02819503850877
4293,45.69125,127.25718605917362
4294,45.691875,127.36201703418702
4295,45.6925,127.36201703418702
4296,45.693125,127.28351265541238
4297,45.69375,127.36945676880724
4298,45.694375,127.44719165048649
4299,45.695,127.41026179197185
4300,45.695625,127.37317424784453
4301,45.69625,127.3359276657346
4302,45.696875,127.29852067579952
4303,45.6975,127.24587875928462
4304,45.698125,127.21943767451873
4305,45.69875,127.21186827130497
4306,45.699375,127.22700048704533
4307,45.7,127.24964949502349
4308,45.700625,127.27975659496983
4309,45.70125,127.3172443080511
4310,45.701875,127.67630731960863
4311,45.7025,128.04522764909362
4312,45.703125,128.36602582639492
4313,45.70375,128.37596581180708
4314,45.704375,128.52697147575014
4315,45.705,128.71688731968882
4316,45.705625,128.88714251312055
4317,45.70625,129.22096183341316
4318,45.706875,129.5134237664886
4319,45.7075,129.73993776863645
4320,45.708125,129.91088675092897
4321,45.70875,130.2162602102499
4322,45.709375,130.56547554334088
4323,45.71,130.8565085391836
4324,45.710625,131.15735923136046
4325,45.71125,131.48525659414054
4326,45.711875,131.8457563190426
4327,45.7125,132.08236012384072
4328,45.713125,132.36723862219756
4329,45.71375,132.66330707367808
4330,45.714375,132.87300076434659
4331,45.715,133.07775116141954
4332,45.715625,133.2419289083585
4333,45.71625,133.3303596110976
4334,45.716875,133.53204339164037
4335,45.7175,133.6681459826419
4336,45.718125,133.73629909014633
4337,45.71875,133.89912004499638
4338,45.719375,134.10187221095748
4339,45.72,134.29329985725073
4340,45.720625,134.37667436607722
4341,45.72125,134.42466740034556
4342,45.721875,134.50843100148518
4343,45.7225,134.65591396578657
4344,45.723125,134.81199025622314
4345,45.72375,134.84192804606488
4346,45.724375,134.7898646156323
4347,45.725,134.8056743936376
4348,45.725625,134.86549047023868
4349,45.72625,134.91866316918885
4350,45.726875,134.92957019860063
4351,45.7275,135.002450535668
4352,45.728125,135.04096895638878
4353,45.72875,135.03327892521975
4354,45.729375,134.91242442613876
4355,45.73,134.8072537898849
4356,45.730625,134.72952364055394
4357,45.73125,134.7071866600342
4358,45.731875,134.63660840576324
4359,45.7325,134.58653619293722
4360,45.733125,134.5800541854438
4361,45.73375,134.4329153257949
4362,45.734375,134.29665024866665
4363,45.735,134.15651136664462
4364,45.735625,133.93586170163488
4365,45.73625,133.71304368231048
4366,45.736875,133.50639966678585
4367,45.7375,133.33784422133073
4368,45.738125,133.304112568692
4369,45.73875,133.24381981718014
4370,45.739375,133.15258862777904
4371,45.74,133.20402402761363
4372,45.740625,133.19262023214003
4373,45.74125,133.1792968532887
4374,45.741875,133.26081949787948
4375,45.7425,133.2815518037015
4376,45.743125,133.31912058907915
4377,45.74375,133.4012043494627
4378,45.744375,133.39563230417073
4379,45.745,133.43641120366496
4380,45.745625,133.49171204605827
4381,45.74625,133.44934626136163
4382,45.746875,133.47883997268175
4383,45.7475,133.5539636294902
4384,45.748125,133.67174635145534
4385,45.74875,133.8445967154551
4386,45.749375,133.94981774342114
4387,45.75,133.9950206337903
4388,45.750625,134.23277076464697
4389,45.75125,134.42961709540097
4390,45.751875,134.6140308856369
4391,45.7525,134.81987863169772
4392,45.753125,135.03327892521975
4393,45.75375,135.22652644842913
4394,45.754375,135.39345328110986
4395,45.755,135.6951978932801
4396,45.755625,135.9522746030615
4397,45.75625,136.16557019165535
4398,45.756875,136.33277889796923
4399,45.7575,136.52279235871828
4400,45.758125,136.73027997781344
4401,45.75875,136.95885277690448
4402,45.759375,137.17675702857173
4403,45.76,137.37171333117533
4404,45.760625,137.5428177956964
4405,45.76125,137.6777691577696
4406,45.761875,137.82070830630622
4407,45.7625,137.9503425880105
4408,45.763125,138.02480604146618
4409,45.76375,138.1428506200628
4410,45.764375,138.21888811499957
4411,45.765,138.22315217479954
4412,45.765625,138.2900364565463
4413,45.76625,138.3111623082304
4414,45.766875,138.29320861178442
4415,45.7675,138.25825102352195
4416,45.768125,138.21888811499957
4417,45.76875,138.17720346034554
4418,45.769375,138.12993319598706
4419,45.77,138.10944123849407
4420,45.770625,138.06179973983888
4421,45.77125,137.98546374635208
4422,45.771875,137.91839090620033
4423,45.7725,137.8463452144496
4424,45.773125,137.77481921365785
4425,45.77375,137.7185267960286
4426,45.774375,137.65162907108902
4427,45.775,137.57847467935133
4428,45.775625,137.50006707200083
4429,45.77625,137.41041900025527
4430,45.776875,137.29615258052294
4431,45.7775,137.16352275964687
4432,45.778125,137.03617028456475
4433,45.77875,136.93910650039646
4434,45.779375,136.84344458771233
4435,45.78,136.73281083145548
4436,45.780625,136.65273255193406
4437,45.78125,136.59764892886986
4438,45.781875,136.56675200118008
4439,45.7825,136.53186107868098
4440,45.783125,136.50592528861918
4441,45.78375,136.4564329060621
4442,45.784375,136.3181930177355
4443,45.785,136.308898324887
4444,45.785625,136.339400755146
4445,45.78625,136.3882462241865
4446,45.786875,136.24623218262246
4447,45.7875,136.16151736182613
4448,45.788125,136.1127353261187
4449,45.78875,136.02532940979242
4450,45.789375,135.97853477154405
4451,45.79,135.92593480103582
4452,45.790625,135.8310061005466
4453,45.79125,135.61786217374157
4454,45.791875,135.43027979959334
4455,45.7925,135.27903652066647
4456,45.793125,135.05939730058168
4457,45.79375,134.84035494280275
4458,45.794375,134.61887386855472
4459,45.795,134.38662573967454
4460,45.795625,134.09501808581342
4461,45.79625,133.8251671626622
4462,45.796875,133.60671026829127
4463,45.7975,133.3453223876455
4464,45.798125,133.00226328887143
4465,45.79875,132.6207539307348
4466,45.799375,132.43390924658559
4467,45.8,132.12977700885295
4468,45.800625,131.76543413684658
4469,45.80125,131.3616866263079
4470,45.801875,131.12605001534575
4471,45.8025,130.83657533562626
4472,45.803125,130.48012891114746
4473,45.80375,130.29361088249965
4474,45.804375,130.01844478380602
4475,45.805,129.70306699807304
4476,45.805625,129.41996339321747
4477,45.80625,129.32548643578585
4478,45.806875,129.19689284776416
4479,45.8075,128.9493626189951
4480,45.808125,128.64013374539195
4481,45.80875,128.43536802413848
4482,45.809375,128.30948336218472
4483,45.81,128.17497212368488
4484,45.810625,127.93096075974263
4485,45.81125,127.8116375710087
4486,45.811875,128.03490164474124
4487,45.8125,127.82223227405606
4488,45.813125,127.69781593061109
4489,45.81375,127.7156991768667
4490,45.814375,127.61868926661404
4491,45.815,127.65474531522662
4492,45.815625,127.71927141201395
4493,45.81625,127.64754606936228
4494,45.816875,127.8116375710087
4495,45.8175,127.94489162020773
4496,45.818125,127.95880017344075
4497,45.81875,127.8045672493826
4498,45.819375,127.7049736480644
4499,45.82,127.66912593049506
4500,45.820625,127.76557726919279
4501,45.82125,127.92049793217187
4502,45.821875,128.01421273546464
4503,45.8225,127.93096075974263
4504,45.823125,127.90303183009085
4505,45.82375,127.89603554325423
4506,45.824375,127.88553053535642
4507,45.825,127.58611035501164
4508,45.825625,127.50961429237145
4509,45.82625,127.50229369384449
4510,45.826875,127.30226863255155
4511,45.8275,127.12816654077962
4512,45.828125,126.94660030633901
4513,45.82875,126.74918522581311
4514,45.829375,126.70514512869063
4515,45.83,126.46916733698936
4516,45.830625,126.11132627030608
4517,45.83125,125.99450307951274
4518,45.831875,125.77839211323453
4519,45.8325,125.60245792604616
4520,45.833125,125.60245792604616
4521,45.83375,125.10062326691101
4522,45.834375,124.98885922885165
4523,45.835,125.3199274099016
4524,45.835625,125.11027425639068
4525,45.83625,124.81098496565198
4526,45.836875,124.50618563451727
4527,45.8375,124.38120664897723
4528,45.838125,124.18493697506747
4529,45.83875,124.0224779441476
4530,45.839375,123.95112426307072
4531,45.84,123.49282385320898
4532,45.840625,123.20937062238075
4533,45.84125,123.05188155854938
4534,45.841875,122.82272180241478
4535,45.8425,122.56798537435613
4536,45.843125,122.34542591311529
4537,45.84375,122.21179420598497
4538,45.844375,121.79810222878797
4539,45.845,121.35629022323681
4540,45.845625,120.94549734768358
4541,45.84625,120.86724556042259
4542,45.846875,120.57142505385075
4543,45.8475,120.12075909994634
4544,45.848125,119.51782272803585
4545,45.84875,119.03646070631824
4546,45.849375,118.42332101275477
4547,45.85,117.53589952401401
4548,45.850625,116.96378233982797
4549,45.85125,116.68841407363064
4550,45.851875,116.46948458340603
4551,45.8525,115.13272216491697
4552,45.853125,114.13435564673519
4553,45.85375,113.2173095600774
4554,45.854375,112.1918881845044
4555,45.855,111.26962170788822
4556,45.855625,110.10299956639813
4557,45.85625,108.5302252272915
4558,45.856875,105.05706061959786
4559,45.8575,104.7609220625759
4560,45.858125,105.66602457407099
4561,45.85875,103.57953894586339
4562,45.859375,100.42378598139877
4563,45.86,94.32006687269599
4564,45.860625,
4565,45.86125,
4566,45.861875,
4567,45.8625,
4568,45.863125,
4569,45.86375,
4570,45.864375,
4571,45.865,
4572,45.865625,
4573,45.86625,
4574,45.866875,
4575,45.8675,
4576,45.868125,
4577,45.86875,
4578,45.869375,
4579,45.87,
4580,45.870625,
4581,45.87125,
4582,45.871875,
4583,45.8725,
4584,45.873125,
4585,45.87375,
4586,45.874375,
4587,45.875,66.02059991327963
4588,45.875625,
4589,45.87625,
4590,45.876875,
4591,45.8775,
4592,45.878125,
4593,45.87875,
4594,45.879375,
4595,45.88,
4596,45.880625,
4597,45.88125,
4598,45.881875,
4599,45.8825,
4600,45.883125,
4601,45.88375,
4602,45.884375,
4603,45.885,
4604,45.885625,
4605,45.88625,
4606,45.886875,
4607,45.8875,
4608,45.888125,
4609,45.88875,
4610,45.889375,
4611,45.89,
4612,45.890625,
4613,45.89125,
4614,45.891875,
4615,45.8925,
4616,45.893125,
4617,45.89375,
4618,45.894375,
4619,45.895,
4620,45.895625,
4621,45.89625,
4622,45.896875,
4623,45.8975,
4624,45.898125,
4625,45.89875,
4626,45.899375,
4627,45.9,
4628,45.900625,
4629,45.90125,
4630,45.901875,
4631,45.9025,
4632,45.903125,
4633,45.90375,
4634,45.904375,
4635,45.905,
4636,45.905625,
4637,45.90625,
4638,45.906875,
4639,45.9075,
4640,45.908125,
4641,45.90875,
4642,45.909375,
4643,45.91,
4644,45.910625,
4645,45.91125,
4646,45.911875,
4647,45.9125,
4648,45.913125,
4649,45.91375,
4650,45.914375,
4651,45.915,
4652,45.915625,
4653,45.91625,
4654,45.916875,
4655,45.9175,
4656,45.918125,
4657,45.91875,
4658,45.919375,
4659,45.92,
4660,45.920625,
4661,45.92125,
4662,45.921875,
4663,45.9225,
4664,45.923125,
4665,45.92375,
4666,45.924375,
4667,45.925,
4668,45.925625,72.04119982655925
4669,45.92625,87.60422483423213
4670,45.926875,87.60422483423213
4671,45.9275,96.12359947967775
4672,45.928125,100.34066678597561
4673,45.92875,101.13809702672945
4674,45.929375,103.91799304818468
4675,45.93,105.80069222725037
4676,45.930625,106.96609726096321
4677,45.93125,108.29946695941636
4678,45.931875,108.36602582639492
4679,45.9325,108.59504560004815
4680,45.933125,110.95549410775645
4681,45.93375,112.31900103312802
4682,45.934375,113.67894261503025
4683,45.935,115.23855676841059
4684,45.935625,115.60634624280303
4685,45.93625,116.32482599983567
4686,45.936875,117.21873241400188
4687,45.9375,117.80842037601829
4688,45.938125,118.38156184752148
4689,45.93875,118.91921407155138
4690,45.939375,119.39763287493
4691,45.94,120.33231095114354
4692,45.940625,121.07692853704505
4693,45.94125,121.6053125467969
4694,45.941875,121.67721601733146
4695,45.9425,121.91732906957085
4696,45.943125,122.2521000306915
4697,45.94375,122.60667536990013
4698,45.944375,122.96588194869491
4699,45.945,123.2691910353998
4700,45.945625,123.51023626726897
4701,45.94625,123.5737847955118
4702,45.946875,123.59677856046373
4703,45.9475,123.59677856046373
4704,45.948125,123.5737847955118
4705,45.94875,123.68246708479342
4706,45.949375,123.83460786725713
4707,45.95,123.98412958323317
4708,45.950625,123.77856967521707
4709,45.95125,123.58528928678052
4710,45.951875,123.45789395504353
4711,45.9525,123.44037618849113
4712,45.953125,123.29894745243683
4713,45.95375,123.1491353626845
4714,45.954375,123.1732796162798
4715,45.955,122.97205309612187
4716,45.955625,122.77867880513847
4717,45.95625,122.67077816740436
4718,45.956875,122.03494147892732
4719,45.9575,121.76272177401103
4720,45.958125,121.77689125454009
4721,45.95875,121.5836249209525
4722,45.959375,121.27417118782836
4723,45.96,120.92990328669417
4724,45.960625,120.60389570713502
4725,45.96125,120.64431406595963
4726,45.961875,120.36568616853062
4727,45.9625,119.64542466079136
4728,45.963125,118.56791704513428
4729,45.96375,118.11591760735737
4730,45.964375,117.90845092078817
4731,45.965,117.2545505663595
4732,45.965625,117.2545505663595
4733,45.96625,117.19477132394294
4734,45.966875,116.77698181474511
4735,45.9675,115.51948662258738
4736,45.968125,114.64787519645937
4737,45.96875,114.11727424567837
4738,45.969375,112.9280745244614
4739,45.97,112.64914584369448
4740,45.970625,112.64914584369448
4741,45.97125,112.50624901923346
4742,45.971875,112.10610092282218
4743,45.9725,110.6805221211227
4744,45.973125,107.78332168729065
4745,45.97375,108.13080360867912
4746,45.974375,107.78332168729065
4747,45.975,107.23455672035186
4748,45.975625,107.23455672035186
4749,45.97625,104.136517520637
4750,45.976875,102.27886704613674
4751,45.9775,105.1535714973837
4752,45.978125,106.92705948901278
4753,45.97875,107.45824005940213
4754,45.979375,107.42135724543472
4755,45.98,108.72325294081513
4756,45.980625,108.2323941192646
4757,45.98125,107.15869694000908
4758,45.981875,106.36126669925524
4759,45.9825,106.6487691983121
4760,45.983125,107.00496036668326
4761,45.98375,107.23455672035186
4762,45.984375,107.34711842052037
4763,45.985,107.00496036668326
4764,45.985625,106.36126669925524
4765,45.98625,105.75603459860453
4766,45.986875,103.69382861635196
4767,45.9875,100.90645957573315
4768,45.988125,97.72981450344965
4769,45.98875,96.52149605401652
4770,45.989375,94.48551739201578
4771,45.99,90.10299956639813
4772,45.990625,
4773,45.99125,
4774,45.991875,
4775,45.9925,
4776,45.993125,
4777,45.99375,
4778,45.994375,
4779,45.995,
4780,45.995625,
4781,45.99625,
4782,45.996875,
4783,45.9975,
4784,45.998125,
4785,45.99875,
4786,45.999375,
4787,46.0,
4788,46.000625,
4789,46.00125,
4790,46.001875,
4791,46.0025,
4792,46.003125,
4793,46.00375,
4794,46.004375,
4795,46.005,
4796,46.005625,
4797,46.00625,
4798,46.006875,
4799,46.0075,
4800,46.008125,
4801,46.00875,
4802,46.009375,
4803,46.01,
4804,46.010625,
4805,46.01125,
4806,46.011875,
4807,46.0125,
4808,46.013125,
4809,46.01375,
4810,46.014375,
4811,46.015,
4812,46.015625,
4813,46.01625,
4814,46.016875,
4815,46.0175,
4816,46.018125,
4817,46.01875,
4818,46.019375,
4819,46.02,
4820,46.020625,
4821,46.02125,
4822,46.021875,
4823,46.0225,
4824,46.023125,
4825,46.02375,
4826,46.024375,
4827,46.025,
4828,46.025625,
4829,46.02625,
4830,46.026875,
4831,46.0275,
4832,46.028125,
4833,46.02875,
4834,46.029375,
4835,46.03,
4836,46.030625,
4837,46.03125,
4838,46.031875,
4839,46.0325,
4840,46.033125,
4841,46.03375,
4842,46.034375,
4843,46.035,
4844,46.035625,
4845,46.03625,
4846,46.036875,
4847,46.0375,
4848,46.038125,
4849,46.03875,
4850,46.039375,
4851,46.04,
4852,46.040625,
4853,46.04125,
4854,46.041875,
4855,46.0425,
4856,46.043125,
4857,46.04375,
4858,46.044375,
4859,46.045,
4860,46.045625,
4861,46.04625,
4862,46.046875,
4863,46.0475,
4864,46.048125,
4865,46.04875,
4866,46.049375,
4867,46.05,
4868,46.050625,
4869,46.05125,
4870,46.051875,
4871,46.0525,
4872,46.053125,
4873,46.05375,
4874,46.054375,
4875,46.055,
4876,46.055625,
4877,46.05625,
4878,46.056875,
4879,46.0575,
4880,46.058125,
4881,46.05875,
4882,46.059375,
4883,46.06,
4884,46.060625,
4885,46.06125,
4886,46.061875,
4887,46.0625,
4888,46.063125,
4889,46.06375,
4890,46.064375,
4891,46.065,
4892,46.065625,
4893,46.06625,
4894,46.066875,
4895,46.0675,
4896,46.068125,
4897,46.06875,
4898,46.069375,
4899,46.07,
4900,46.070625,
4901,46.07125,
4902,46.071875,
4903,46.0725,
4904,46.073125,
4905,46.07375,
4906,46.074375,
4907,46.075,
4908,46.075625,
4909,46.07625,
4910,46.076875,
4911,46.0775,
4912,46.078125,
4913,46.07875,
4914,46.079375,
4915,46.08,
4916,46.080625,
4917,46.08125,
4918,46.081875,
4919,46.0825,
4920,46.083125,
4921,46.08375,
4922,46.084375,
4923,46.085,
4924,46.085625,
4925,46.08625,
4926,46.086875,
4927,46.0875,
4928,46.088125,
4929,46.08875,
4930,46.089375,
4931,46.09,
4932,46.090625,
4933,46.09125,
4934,46.091875,
4935,46.0925,
4936,46.093125,
4937,46.09375,
4938,46.094375,
4939,46.095,
4940,46.095625,
4941,46.09625,
4942,46.096875,
4943,46.0975,
4944,46.098125,
4945,46.09875,
4946,46.099375,
4947,46.1,
4948,46.100625,
4949,46.10125,
4950,46.101875,
4951,46.1025,
4952,46.103125,
4953,46.10375,
4954,46.104375,
4955,46.105,
4956,46.105625,
4957,46.10625,
4958,46.106875,
4959,46.1075,
4960,46.108125,
4961,46.10875,
4962,46.109375,
4963,46.11,
4964,46.110625,
4965,46.11125,
4966,46.111875,
4967,46.1125,
4968,46.113125,
4969,46.11375,
4970,46.114375,
4971,46.115,
4972,46.115625,
4973,46.11625,
4974,46.116875,
4975,46.1175,
4976,46.118125,
4977,46.11875,
4978,46.119375,
4979,46.12,
4980,46.120625,
4981,46.12125,
4982,46.121875,
4983,46.1225,
4984,46.123125,
4985,46.12375,
4986,46.124375,
4987,46.125,
4988,46.125625,
4989,46.12625,
4990,46.126875,
4991,46.1275,
4992,46.128125,
4993,46.12875,
4994,46.129375,
4995,46.13,
4996,46.130625,
4997,46.13125,
4998,46.131875,
4999,46.1325,
5000,46.133125,
5001,46.13375,
5002,46.134375,
5003,46.135,
5004,46.135625,
5005,46.13625,
5006,46.136875,
5007,46.1375,
5008,46.138125,
5009,46.13875,
5010,46.139375,
5011,46.14,
5012,46.140625,
5013,46.14125,
5014,46.141875,
5015,46.1425,
5016,46.143125,
5017,46.14375,
5018,46.144375,
5019,46.145,
5020,46.145625,
5021,46.14625,
5022,46.146875,
5023,46.1475,
5024,46.148125,
5025,46.14875,
5026,46.149375,
5027,46.15,
5028,46.150625,
5029,46.15125,
5030,46.151875,
5031,46.1525,
5032,46.153125,
5033,46.15375,
5034,46.154375,
5035,46.155,
5036,46.155625,
5037,46.15625,
5038,46.156875,
5039,46.1575,
5040,46.158125,
5041,46.15875,
5042,46.159375,
5043,46.16,
5044,46.160625,
5045,46.16125,
5046,46.161875,
5047,46.1625,
5048,46.163125,
5049,46.16375,
5050,46.164375,
5051,46.165,
5052,46.165625,
5053,46.16625,
5054,46.166875,
5055,46.1675,
5056,46.168125,
5057,46.16875,
5058,46.169375,
5059,46.17,
5060,46.170625,
5061,46.17125,
5062,46.171875,
5063,46.1725,
5064,46.173125,
5065,46.17375,
5066,46.174375,
5067,46.175,
5068,46.175625,
5069,46.17625,
5070,46.176875,
5071,46.1775,
5072,46.178125,
5073,46.17875,
5074,46.179375,
5075,46.18,
5076,46.180625,
5077,46.18125,
5078,46.181875,97.61627184561583
5079,46.1825,107.42135724543472
5080,46.183125,112.06288745240364
5081,46.18375,115.31337109518029
5082,46.184375,117.37288876789651
5083,46.185,118.86989031812206
5084,46.185625,120.03467425618001
5085,46.18625,121.236586145894
5086,46.186875,122.46396150063998
5087,46.1875,123.62543543118923
5088,46.188125,124.6802163517436
5089,46.18875,125.53383057690078
5090,46.189375,126.28998455946304
5091,46.19,126.97388380531082
5092,46.190625,127.50961429237145
5093,46.19125,128.12398847326625
5094,46.191875,128.76134900906987
5095,46.1925,129.262922734527
5096,46.193125,129.72577521921133
5097,46.19375,130.15981449639384
5098,46.194375,130.56032682378404
5099,46.195,130.9209773280347
5100,46.195625,131.38279450944918
5101,46.19625,131.9385362868594
5102,46.196875,132.40896769423418
5103,46.1975,132.81956114716664
5104,46.198125,133.14876645405923
5105,46.19875,133.30786700559423
5106,46.199375,133.5612580994869
5107,46.2,133.82339868263207
5108,46.200625,134.07098596476462
5109,46.20125,134.39325366036093
5110,46.201875,134.676780013943
5111,46.2025,134.9139845320501
5112,46.203125,135.06553140368837
5113,46.20375,135.1933568937926
5114,46.204375,135.34460196221437
5115,46.205,135.57170655725923
5116,46.205625,135.73076960995604
5117,46.20625,135.85763490770796
5118,46.206875,135.96610564043954
5119,46.2075,136.14122479834478
5120,46.208125,136.2649460179521
5121,46.20875,136.3777082918802
5122,46.209375,136.55384577348892
5123,46.21,136.62971678497314
5124,46.210625,136.69222841445375
5125,46.21125,136.76942558143855
5126,46.211875,136.8446937269448
5127,46.2125,136.89575437655694
5128,46.213125,136.92302953057631
5129,46.21375,136.93910650039646
5130,46.214375,136.9687091066294
5131,46.215,136.97117144247525
5132,46.215625,136.90444212858029
5133,46.21625,136.8371961955012
5134,46.216875,136.7970996920377
5135,46.2175,136.79333113764866
5136,46.218125,136.87835276012783
5137,46.21875,136.76312369504296
5138,46.219375,136.55901056605262
5139,46.22,136.4538202155211
5140,46.220625,136.40402918971282
5141,46.22125,136.33542824666694
5142,46.221875,136.21405721894234
5143,46.2225,136.08142497771323
5144,46.223125,136.05000135528786
5145,46.22375,136.08006109459225
5146,46.224375,135.97853477154405
5147,46.225,135.9730129089054
5148,46.225625,136.02395668918297
5149,46.22625,136.11545263871338
5150,46.226875,136.1871534042221
5151,46.2275,136.15881442430998
5152,46.228125,136.02258375159408
5153,46.22875,135.91482041738487
5154,46.229375,135.9384215066034
5155,46.23,136.0568422547815
5156,46.230625,136.24489393600737
5157,46.23125,136.23686012352954
5158,46.231875,136.160165998208
5159,46.2325,136.0445247538214
5160,46.233125,135.89254889329015
5161,46.23375,135.83240965385627
5162,46.234375,135.78738307182962
5163,46.235,135.32230566442828
5164,46.235625,135.01941968874638
5165,46.23625,134.60918520091536
5166,46.236875,133.7416568920874
5167,46.2375,133.25704466529592
5168,46.238125,132.91826550067688
5169,46.23875,132.70162872021746
5170,46.239375,132.6004170222682
5171,46.24,132.34839493474354
5172,46.240625,131.98455725547592
5173,46.24125,131.53603791657827
5174,46.241875,131.15735923136046
5175,46.2425,131.0216773037156
5176,46.243125,131.25774762587758
5177,46.24375,130.6270232916612
5178,46.244375,130.04034429654294
5179,46.245,129.5134237664886
5180,46.245625,128.9369542031162
5181,46.24625,128.62083890671772
5182,46.246875,128.34611166489051
5183,46.2475,127.90652786138702
5184,46.248125,127.24587875928462
5185,46.24875,126.48153159478973
5186,46.249375,125.63429940054591
5187,46.25,125.03276440896425
5188,46.250625,124.4387119965601
5189,46.25125,124.07153549955945
5190,46.251875,124.50101392276098
5191,46.2525,125.21573337309952
5192,46.253125,125.47391175860184
5193,46.25375,124.95946532723613
5194,46.254375,124.6802163517436
5195,46.255,123.5737847955118
5196,46.255625,121.86843370324469
5197,46.25625,122.54857555703198
5198,46.256875,123.00284323697116
5199,46.2575,122.77867880513847
5200,46.258125,120.96106346231218
5201,46.25875,121.05387883849936
5202,46.259375,120.16348368012854
5203,46.26,117.48963635398934
5204,46.260625,117.90845092078817
5205,46.26125,118.44412554878033
5206,46.261875,118.68996902487135
5207,46.2625,117.68457539265208
5208,46.263125,115.9176003468815
5209,46.26375,114.11727424567837
5210,46.264375,113.00615046263873
5211,46.265,109.77101433000888
5212,46.265625,109.39644031956327
5213,46.26625,112.0845210616894
5214,46.266875,115.73502844291122
5215,46.2675,117.15870529438858
5216,46.268125,117.71852679602861
5217,46.26875,117.639099426792
5218,46.269375,117.83074915345128
5219,46.27,118.50624182999299
5220,46.270625,119.66350144075626
5221,46.27125,121.74142411813071
5222,46.271875,122.87278470549086
5223,46.2725,123.71650719225924
5224,46.273125,124.910253356283
5225,46.27375,125.42753743788148
5226,46.274375,125.83625374934238
5227,46.275,126.31940690913835
5228,46.275625,126.93097117096947
5229,46.27625,127.25718605917362
5230,46.276875,127.39544577193925
5231,46.2775,127.69065230988497
5232,46.278125,127.99347442962076
5233,46.27875,128.3427881945465
5234,46.279375,128.79296859126947
5235,46.28,129.25394816203433
5236,46.280625,129.55688952677517
5237,46.28125,129.70874962152604
5238,46.281875,130.11113877327642
5239,46.2825,130.45149265382352
5240,46.283125,130.7563819014655
5241,46.28375,131.05822900433017
5242,46.284375,131.2980534505841
5243,46.285,131.60252650823165
5244,46.285625,132.02381065230665
5245,46.28625,132.15124486367176
5246,46.286875,132.24507812192874
5247,46.2875,132.32740944582537
5248,46.288125,132.43390924658559
5249,46.28875,132.51858985432588
5250,46.289375,132.55141328361086
5251,46.29,132.48151462291366
5252,46.290625,132.4110488945887
5253,46.29125,132.31689765749405
5254,46.291875,132.19828820171995
5255,46.2925,132.11902315129745
5256,46.293125,131.98237130110726
5257,46.29375,131.81683669563205
5258,46.294375,131.67304217084086
5259,46.295,131.46439654228845
5260,46.295625,131.21486602109425
5261,46.29625,130.92591670242885
5262,46.296875,130.57062121270823
5263,46.2975,130.19748570009438
5264,46.298125,129.82162826846374
5265,46.29875,129.52503592014068
5266,46.299375,129.25694071663347
5267,46.3,128.9648482526888
5268,46.300625,128.56917547031162
5269,46.30125,128.1817473889567
5270,46.301875,127.93444557007547
5271,46.3025,127.85042179863865
5272,46.303125,127.69423485876565
5273,46.30375,127.54248084692912
5274,46.304375,127.41026179197185
5275,46.305,127.3321942078486
5276,46.305625,127.22700048704533
5277,46.30625,127.15488650360751
5278,46.306875,127.15488650360751
5279,46.3075,127.21943767451873
5280,46.308125,127.3359276657346
5281,46.30875,127.48396515858164
5282,46.309375,127.5205836345636
5283,46.31,127.82576097190596
5284,46.310625,128.17836041693562
5285,46.31125,128.4156123909713
5286,46.311875,128.6369209139745
5287,46.3125,128.90585538851946
5288,46.313125,129.22997053566039
5289,46.31375,129.59726226046195
5290,46.314375,129.79354583327398
5291,46.315,129.94412361407907
5292,46.315625,130.25635517129746
5293,46.31625,130.5371197425175
5294,46.316875,130.79907683312794
5295,46.3175,131.0509309591132
5296,46.318125,131.37107424098883
5297,46.31875,131.62761377419974
5298,46.319375,131.82129214052998
5299,46.32,131.93194191252923
5300,46.320625,132.10610092282218
5301,46.32125,132.2831741901835
5302,46.321875,132.41936871288578
5303,46.3225,132.4463532166769
5304,46.323125,132.43805921782462
5305,46.32375,132.39647000914556
5306,46.324375,132.24719895935547
5307,46.325,132.15124486367176
5308,46.325625,132.08019864824462
5309,46.32625,131.98455725547592
5310,46.326875,131.71823420638867
5311,46.3275,131.44581212302836
5312,46.328125,131.23871526627562
5313,46.32875,130.9776112527503
5314,46.329375,130.7235906427445
5315,46.33,130.50089614073693
5316,46.330625,130.4567062732106
5317,46.33125,130.23232041138274
5318,46.331875,129.97998727160305
5319,46.3325,129.83843425172302
5320,46.333125,129.68599678693573
5321,46.33375,129.43463302960103
5322,46.334375,129.0694246744587
5323,46.335,128.85899739155724
5324,46.335625,128.72643400279466
5325,46.33625,128.5497221819157
5326,46.336875,128.01766431096726
5327,46.3375,127.69781593061109
5328,46.338125,127.57885397226875
5329,46.33875,127.70139552663869
5330,46.339375,127.61146006133774
5331,46.34,127.67989578883466
5332,46.340625,127.88553053535642
5333,46.34125,128.09667433239878
5334,46.341875,128.17158250817334
5335,46.3425,128.15121698972723
5336,46.343125,128.0383450103515
5337,46.34375,127.88903361652432
5338,46.344375,127.64754606936228
5339,46.345,127.30601497275975
5340,46.345625,127.03592613794046
5341,46.34625,126.62854593041486
5342,46.346875,126.23083916802389
5343,46.3475,126.21386624686721
5344,46.348125,126.3152098133147
5345,46.34875,126.48564910595385
5346,46.349375,126.71717822639636
5347,46.35,126.71316904578603
5348,46.350625,126.89177485157428
5349,46.35125,127.18532329213497
5350,46.351875,127.27599890958219
5351,46.3525,127.35457092173952
5352,46.353125,127.39915214692105
5353,46.35375,127.37689013651644
5354,46.354375,127.11286100441738
5355,46.355,126.90355233085407
5356,46.355625,126.78902882612881
5357,46.35625,126.53081337033123
5358,46.356875,126.16274757276076
5359,46.3575,125.80069222725037
5360,46.358125,125.72463708057106
5361,46.35875,125.80514538789035
5362,46.359375,125.75603459860453
5363,46.36,125.41357672289413
5364,46.360625,125.29635646019074
5365,46.36125,125.28691014100184
5366,46.361875,125.3199274099016
5367,46.3625,125.00840004617787
5368,46.363125,124.94473099013527
5369,46.36375,124.95946532723613
5370,46.364375,124.92504624598644
5371,46.365,124.69540590321833
5372,46.365625,124.4230664390941
5373,46.36625,124.12031753526689
5374,46.366875,123.95663386657804
5375,46.3675,123.67678074112843
5376,46.368125,123.45205862419719
5377,46.36875,123.68814970824641
5378,46.369375,123.40523430789915
5379,46.37,123.2393323272815
5380,46.370625,123.48119615450051
5381,46.37125,123.4695528690599
5382,46.371875,123.26322749954036
5383,46.3725,122.92256071356476
5384,46.373125,122.79758172802474
5385,46.37375,122.75973465447063
5386,46.374375,122.73441134312813
5387,46.375,122.65159695319474
5388,46.375625,122.32551175161089
5389,46.37625,122.2185248453284
5390,46.376875,122.37851505651554
5391,46.3775,122.15098259489373
5392,46.378125,121.90338702863511
5393,46.37875,121.68437373478477
5394,46.379375,121.61252973843611
5395,46.38,121.1988377612391
5396,46.380625,120.84363189031534
5397,46.38125,120.76445276737437
5398,46.381875,119.77117913757232
5399,46.3825,119.13297158410407
5400,46.383125,118.86989031812206
5401,46.38375,118.6291574137801
5402,46.384375,118.3606067356976
5403,46.385,118.23380317507721
5404,46.385625,118.48558572123764
5405,46.38625,118.89951816824096
5406,46.386875,119.49943988596138
5407,46.3875,120.20599913279624
5408,46.388125,120.06058941107236
5409,46.38875,120.09502311182003
5410,46.389375,120.30719510818429
5411,46.39,120.71659650505657
5412,46.390625,121.540086535867
5413,46.39125,122.08974222624789
5414,46.391875,122.13061707644762
5415,46.3925,122.04181051023673
5416,46.393125,121.8754356299746
5417,46.39375,121.67721601733146
5418,46.394375,121.77689125454009
5419,46.395,121.72007411236764
5420,46.395625,121.634145401947
5421,46.39625,121.634145401947
5422,46.396875,121.634145401947
5423,46.3975,121.4376401461225
5424,46.398125,121.01532622466084
5425,46.39875,120.82785370316451
5426,46.399375,120.78034643994825
5427,46.4,120.8593814678636
5428,46.400625,121.1533220781966
5429,46.40125,121.0615688696684
5430,46.401875,120.92209574492077
5431,46.4025,120.84363189031534
5432,46.403125,121.36371723492323
5433,46.40375,121.86142612752127
5434,46.404375,122.23197049760788
5435,46.405,122.00051460215725
5436,46.405625,122.11701348770288
5437,46.40625,122.3387929310151
5438,46.406875,122.49660298827719
5439,46.4075,122.74708222741467
5440,46.408125,122.76605396332563
5441,46.40875,122.55505031665948
5442,46.409375,123.32860227686565
5443,46.41,123.7334773499949
5444,46.410625,123.96213997746804
5445,46.41125,124.27566598670609
5446,46.411875,124.43349994141539
5447,46.4125,124.62939180861362
5448,46.413125,124.93489419447683
5449,46.41375,124.80099544225295
5450,46.414375,124.91518711934553
5451,46.415,125.2014277597015
5452,46.415625,125.21573337309952
5453,46.41625,125.3010757700803
5454,46.416875,125.40425709792486
5455,46.4175,125.4831569852736
5456,46.418125,125.88050188190647
5457,46.41875,126.08981055546975
5458,46.419375,126.04661857368798
5459,46.42,126.00321073902705
5460,46.420625,126.2223568532501
5461,46.42125,126.48976466615312
5462,46.421875,126.37795429254973
5463,46.4225,126.36544160423254
5464,46.423125,126.3110106884381
5465,46.42375,126.13707497386018
5466,46.424375,126.0725595276778
5467,46.425,125.92891588412792
5468,46.425625,125.74707545429493
5469,46.42625,125.86725109422892
5470,46.426875,125.74259241438222
5471,46.4275,125.63429940054591
5472,46.428125,125.81849118765507
5473,46.42875,125.6931256557703
5474,46.429375,125.58877576574041
5475,46.43,125.55218428608183
5476,46.430625,125.46002544127475
5477,46.43125,125.27745353730447
5478,46.431875,125.08612664662571
5479,46.4325,125.10545010206613
5480,46.433125,124.910253356283
5481,46.43375,124.70046318990447
5482,46.434375,124.56287215195485
5483,46.435,124.47510907314482
5484,46.435625,124.54230165178251
5485,46.43625,124.7156174065512
5486,46.436875,124.78098186280383
5487,46.4375,124.74081582758382
5488,46.438125,124.69034567025373
5489,46.43875,124.72570554896058
5490,46.439375,124.62429295925203
5491,46.44,124.63958053663008
5492,46.440625,124.80599164005426
5493,46.44125,124.87068203664124
5494,46.441875,124.85579618957352
5495,46.4425,124.80099544225295
5496,46.443125,124.80099544225295
5497,46.44375,124.59875371815868
5498,46.444375,124.4021617608011
5499,46.445,124.31275126870122
5500,46.445625,124.42828475684678
5501,46.44625,124.46472546205996
5502,46.446875,124.41262038896184
5503,46.4475,124.21172049810312
5504,46.448125,123.94561116251239
5505,46.44875,123.7334773499949
5506,46.449375,123.7334773499949
5507,46.45,123.75041441672926
5508,46.450625,123.64829304869107
5509,46.45125,123.41110117042417
5510,46.451875,123.56802683067511
5511,46.4525,123.52761384486541
5512,46.453125,123.37584040628364
5513,46.45375,123.25725986643853
5514,46.454375,123.44037618849113
5515,46.455,123.62543543118923
5516,46.455625,123.7051753059317
5517,46.45625,123.50443600686106
5518,46.456875,123.34043591580513
5519,46.4575,123.24531228596044
5520,46.458125,123.3226794061022
5521,46.45875,123.21537123722257
5522,46.459375,123.0089881892176
5523,46.46,122.73441134312813
5524,46.460625,122.68354215153533
5525,46.46125,122.49660298827719
5526,46.461875,122.13741088957308
5527,46.4625,122.15776050365598
5528,46.463125,121.88942257283288
5529,46.46375,121.4376401461225
5530,46.464375,121.00759512522914
5531,46.465,120.44031479635441
5532,46.465625,119.66350144075626
5533,46.46625,118.55766820661414
5534,46.466875,117.2545505663595
5535,46.4675,115.7916142432885
5536,46.468125,114.30334715696915
5537,46.46875,113.9620109124678
5538,46.469375,113.69690723288825
5539,46.47,113.3303596110976
5540,46.470625,112.66936911159172
5541,46.47125,113.29283951112251
5542,46.471875,112.64914584369448
5543,46.4725,110.02118524435502
5544,46.473125,110.65508757984995
5545,46.47375,110.10299956639813
5546,46.474375,109.45512898634425
5547,46.475,111.22202767298113
5548,46.475625,111.05336432224388
5549,46.47625,110.62957834084511
5550,46.476875,110.62957834084511
5551,46.4775,110.29095505320572
5552,46.478125,109.91088675092897
5553,46.47875,109.7991695884967
5554,46.479375,111.19813250072225
5555,46.48,110.75638190146549
5556,46.480625,109.60013885914302
5557,46.48125,108.69137808068399
5558,46.481875,110.52678554779689
5559,46.4825,111.22202767298113
5560,46.483125,110.55259801742677
5561,46.48375,111.4574320440096
5562,46.484375,111.64126725823417
5563,46.485,111.34052732318122
5564,46.485625,110.75638190146549
5565,46.48625,110.42276167408073
5566,46.486875,110.04854239968866
5567,46.4875,109.4843252815251
5568,46.488125,108.43207853739662
5569,46.48875,106.44438589467839
5570,46.489375,103.04576688766113
5571,46.49,98.79038505237236
5572,46.490625,98.169700377573
5573,46.49125,96.65017825412474
5574,46.491875,
5575,46.4925,
5576,46.493125,82.92256071356476
5577,46.49375,91.82129214052999
5578,46.494375,
5579,46.495,
5580,46.495625,
5581,46.49625,
5582,46.496875,
5583,46.4975,
5584,46.498125,
5585,46.49875,
5586,46.499375,
5587,46.5,69.54242509439325
5588,46.500625,
5589,46.50125,
5590,46.501875,
5591,46.5025,
5592,46.503125,
5593,46.50375,
5594,46.504375,
5595,46.505,
5596,46.505625,
5597,46.50625,
5598,46.506875,
5599,46.5075,
5600,46.508125,
5601,46.50875,
5602,46.509375,
5603,46.51,
5604,46.510625,
5605,46.51125,
5606,46.511875,
5607,46.5125,
5608,46.513125,
5609,46.51375,
5610,46.514375,
5611,46.515,
5612,46.515625,
5613,46.51625,
5614,46.516875,
5615,46.5175,
5616,46.518125,
5617,46.51875,
5618,46.519375,
5619,46.52,
5620,46.520625,
5621,46.52125,
5622,46.521875,
5623,46.5225,
5624,46.523125,
5625,46.52375,
5626,46.524375,
5627,46.525,
5628,46.525625,
5629,46.52625,
5630,46.526875,
5631,46.5275,
5632,46.528125,
5633,46.52875,
5634,46.529375,
5635,46.53,
5636,46.530625,
5637,46.53125,
5638,46.531875,
5639,46.5325,
5640,46.533125,
5641,46.53375,
5642,46.534375,
5643,46.535,
5644,46.535625,
5645,46.53625,
5646,46.536875,
5647,46.5375,
5648,46.538125,
5649,46.53875,
5650,46.539375,
5651,46.54,
5652,46.540625,
5653,46.54125,
5654,46.541875,
5655,46.5425,
5656,46.543125,
5657,46.54375,
5658,46.544375,
5659,46.545,
5660,46.545625,
5661,46.54625,
5662,46.546875,
5663,46.5475,
5664,46.548125,
5665,46.54875,
5666,46.549375,
5667,46.55,
5668,46.550625,
5669,46.55125,
5670,46.551875,
5671,46.5525,
5672,46.553125,
5673,46.55375,
5674,46.554375,
5675,46.555,
5676,46.555625,
5677,46.55625,
5678,46.556875,
5679,46.5575,
5680,46.558125,
5681,46.55875,
5682,46.559375,
5683,46.56,
5684,46.560625,
5685,46.56125,
5686,46.561875,
5687,46.5625,
5688,46.563125,
5689,46.56375,
5690,46.564375,
5691,46.565,
5692,46.565625,
5693,46.56625,
5694,46.566875,
5695,46.5675,
5696,46.568125,
5697,46.56875,
5698,46.569375,
5699,46.57,
5700,46.570625,
5701,46.57125,
5702,46.571875,
5703,46.5725,
5704,46.573125,
5705,46.57375,
5706,46.574375,
5707,46.575,
5708,46.575625,
5709,46.57625,
5710,46.576875,
5711,46.5775,
5712,46.578125,85.57507201905658
5713,46.57875,85.57507201905658
5714,46.579375,84.0823996531185
5715,46.58,95.11749711344983
5716,46.580625,100.0
5717,46.58125,94.48551739201578
5718,46.581875,
5719,46.5825,
5720,46.583125,
5721,46.58375,
5722,46.584375,
5723,46.585,
5724,46.585625,
5725,46.58625,
5726,46.586875,
5727,46.5875,
5728,46.588125,
5729,46.58875,
5730,46.589375,
5731,46.59,
5732,46.590625,
5733,46.59125,
5734,46.591875,
5735,46.5925,
5736,46.593125,
5737,46.59375,
5738,46.594375,
5739,46.595,
5740,46.595625,
5741,46.59625,
5742,46.596875,
5743,46.5975,
5744,46.598125,
5745,46.59875,
5746,46.599375,
5747,46.6,
5748,46.600625,
5749,46.60125,
5750,46.601875,
5751,46.6025,
5752,46.603125,
5753,46.60375,
5754,46.604375,
5755,46.605,
5756,46.605625,
5757,46.60625,
5758,46.606875,
5759,46.6075,
5760,46.608125,
5761,46.60875,
5762,46.609375,
5763,46.61,
5764,46.610625,
5765,46.61125,
5766,46.611875,
5767,46.6125,
5768,46.613125,
5769,46.61375,
5770,46.614375,
5771,46.615,
5772,46.615625,
5773,46.61625,
5774,46.616875,
5775,46.6175,
5776,46.618125,
5777,46.61875,
5778,46.619375,
5779,46.62,
5780,46.620625,
5781,46.62125,
5782,46.621875,
5783,46.6225,
5784,46.623125,
5785,46.62375,
5786,46.624375,
5787,46.625,
5788,46.625625,
5789,46.62625,
5790,46.626875,
5791,46.6275,
5792,46.628125,
5793,46.62875,
5794,46.629375,
5795,46.63,
5796,46.630625,
5797,46.63125,
5798,46.631875,
5799,46.6325,
5800,46.633125,
5801,46.63375,
5802,46.634375,
5803,46.635,
5804,46.635625,
5805,46.63625,
5806,46.636875,
5807,46.6375,
5808,46.638125,
5809,46.63875,
5810,46.639375,
5811,46.64,
5812,46.640625,
5813,46.64125,
5814,46.641875,
5815,46.6425,
5816,46.643125,
5817,46.64375,
5818,46.644375,
5819,46.645,
5820,46.645625,
5821,46.64625,
5822,46.646875,
5823,46.6475,
5824,46.648125,
5825,46.64875,
5826,46.649375,
5827,46.65,
5828,46.650625,
5829,46.65125,
5830,46.651875,
5831,46.6525,
5832,46.653125,
5833,46.65375,
5834,46.654375,
5835,46.655,
5836,46.655625,
5837,46.65625,
5838,46.656875,
5839,46.6575,
5840,46.658125,
5841,46.65875,
5842,46.659375,
5843,46.66,
5844,46.660625,
5845,46.66125,
5846,46.661875,
5847,46.6625,
5848,46.663125,
5849,46.66375,
5850,46.664375,
5851,46.665,
5852,46.665625,
5853,46.66625,
5854,46.666875,
5855,46.6675,
5856,46.668125,
5857,46.66875,
5858,46.669375,
5859,46.67,
5860,46.670625,
5861,46.67125,
5862,46.671875,
5863,46.6725,
5864,46.673125,
5865,46.67375,
5866,46.674375,
5867,46.675,
5868,46.675625,
5869,46.67625,
5870,46.676875,
5871,46.6775,
5872,46.678125,
5873,46.67875,
5874,46.679375,
5875,46.68,
5876,46.680625,
5877,46.68125,
5878,46.681875,
5879,46.6825,
5880,46.683125,
5881,46.68375,
5882,46.684375,
5883,46.685,
5884,46.685625,
5885,46.68625,
5886,46.686875,
5887,46.6875,
5888,46.688125,
5889,46.68875,
5890,46.689375,
5891,46.69,
5892,46.690625,
5893,46.69125,
5894,46.691875,
5895,46.6925,
5896,46.693125,
5897,46.69375,
5898,46.694375,
5899,46.695,
5900,46.695625,
5901,46.69625,
5902,46.696875,
5903,46.6975,
5904,46.698125,
5905,46.69875,
5906,46.699375,
5907,46.7,
5908,46.700625,
5909,46.70125,
5910,46.701875,
5911,46.7025,
5912,46.703125,
5913,46.70375,
5914,46.704375,
5915,46.705,
5916,46.705625,
5917,46.70625,
5918,46.706875,
5919,46.7075,
5920,46.708125,
5921,46.70875,
5922,46.709375,
5923,46.71,
5924,46.710625,
5925,46.71125,
5926,46.711875,
5927,46.7125,
5928,46.713125,
5929,46.71375,
5930,46.714375,
5931,46.715,
5932,46.715625,
5933,46.71625,
5934,46.716875,
5935,46.7175,
5936,46.718125,
5937,46.71875,
5938,46.719375,
5939,46.72,
5940,46.720625,
5941,46.72125,
5942,46.721875,
5943,46.7225,
5944,46.723125,
5945,46.72375,
5946,46.724375,
5947,46.725,
5948,46.725625,
5949,46.72625,
5950,46.726875,
5951,46.7275,
5952,46.728125,
5953,46.72875,
5954,46.729375,
5955,46.73,
5956,46.730625,
5957,46.73125,
5958,46.731875,
5959,46.7325,
5960,46.733125,
5961,46.73375,
5962,46.734375,
5963,46.735,
5964,46.735625,
5965,46.73625,
5966,46.736875,
5967,46.7375,
5968,46.738125,
5969,46.73875,
5970,46.739375,
5971,46.74,
5972,46.740625,
5973,46.74125,
5974,46.741875,
5975,46.7425,
5976,46.743125,
5977,46.74375,
5978,46.744375,
5979,46.745,
5980,46.745625,
5981,46.74625,
5982,46.746875,
5983,46.7475,
5984,46.748125,
5985,46.74875,
5986,46.749375,
5987,46.75,
5988,46.750625,
5989,46.75125,
5990,46.751875,
5991,46.7525,
5992,46.753125,
5993,46.75375,
5994,46.754375,
5995,46.755,
5996,46.755625,
5997,46.75625,
5998,46.756875,
5999,46.7575,
6000,46.758125,
6001,46.75875,
6002,46.759375,
6003,46.76,
6004,46.760625,
6005,46.76125,
6006,46.761875,
6007,46.7625,
6008,46.763125,
6009,46.76375,
6010,46.764375,
6011,46.765,
6012,46.765625,
6013,46.76625,
6014,46.766875,
6015,46.7675,
6016,46.768125,
6017,46.76875,
6018,46.769375,
6019,46.77,
6020,46.770625,
6021,46.77125,
6022,46.771875,
6023,46.7725,
6024,46.773125,
6025,46.77375,
6026,46.774375,
6027,46.775,
6028,46.775625,
6029,46.77625,
6030,46.776875,
6031,46.7775,
6032,46.778125,
6033,46.77875,
6034,46.779375,
6035,46.78,
6036,46.780625,
6037,46.78125,100.17200343523837
6038,46.781875,108.36602582639492
6039,46.7825,112.40272109947514
6040,46.783125,115.7492094903683
6041,46.78375,117.84189205380962
6042,46.784375,119.5909674940819
6043,46.785,121.236586145894
6044,46.785625,122.60667536990013
6045,46.78625,123.57953894586339
6046,46.786875,124.31803626408063
6047,46.7875,125.21573337309952
6048,46.788125,126.05094744974971
6049,46.78875,126.78107471418278
6050,46.789375,127.36573769804261
6051,46.79,128.02801081563086
6052,46.790625,128.64013374539195
6053,46.79125,129.19689284776416
6054,46.791875,129.7115895396936
6055,46.7925,130.30687786176762
6056,46.793125,130.87639610285316
6057,46.79375,131.2076984594403
6058,46.794375,131.65035767208124
6059,46.795,132.056386848654
6060,46.795625,132.35886869657946
6061,46.79625,132.64509553369427
6062,46.796875,132.91433878739207
6063,46.7975,133.1659530061638
6064,46.798125,133.38819734575566
6065,46.79875,133.56308076020875
6066,46.799375,133.7184158438907
6067,46.8,133.88156924161518
6068,46.800625,133.96897076030658
6069,46.80125,134.09673212422808
6070,46.801875,134.27484956818165
6071,46.8025,134.08472674617576
6072,46.803125,133.99675451734493
6073,46.80375,133.96549153348735
6074,46.804375,133.9078821658222
6075,46.805,134.0279053802784
6076,46.805625,134.0881585477368
6077,46.80625,133.96027007878362
6078,46.806875,133.81809108109934
6079,46.8075,133.65372956499536
6080,46.808125,133.484358911534
6081,46.80875,133.44195715871433
6082,46.809375,133.5703675808023
6083,46.81,133.67174635145534
6084,46.810625,133.51190112773492
6085,46.81125,133.45303845680004
6086,46.811875,133.38819734575566
6087,46.8125,133.2928395111225
6088,46.813125,132.9554810053766
6089,46.81375,132.4877048284053
6090,46.814375,131.9604814466838
6091,46.815,131.61165753628734
6092,46.815625,130.98251853516223
6093,46.81625,130.39918361504138
6094,46.816875,130.10299956639813
6095,46.8175,130.02392484054178
6096,46.818125,129.64889583836532
6097,46.81875,128.93384932743055
6098,46.819375,127.99347442962076
6099,46.82,127.0010818715806
6100,46.820625,126.12421016335523
6101,46.82125,125.72463708057106
6102,46.821875,124.94964521354107
6103,46.8225,123.9951035450695
6104,46.823125,122.87902232847927
6105,46.82375,122.81644360218621
6106,46.824375,122.26549384928701
6107,46.825,121.53280887340684
6108,46.825625,121.55462359304784
6109,46.82625,121.1075666275
6110,46.826875,121.25163968456326
6111,46.8275,122.54209596729616
6112,46.828125,122.91014342819325
6113,46.82875,122.97205309612187
6114,46.829375,122.67077816740436
6115,46.83,121.24411617639426
6116,46.830625,120.32394707024878
6117,46.83125,119.8245215138499
6118,46.831875,119.76225680536703
6119,46.8325,119.93023344308357
6120,46.833125,120.137874158958
6121,46.83375,120.34066678597561
6122,46.834375,120.47327836395587
6123,46.835,120.37400997332486
6124,46.835625,120.137874158958
6125,46.83625,119.96518676847398
6126,46.836875,120.1549555600148
6127,46.8375,120.32394707024878
6128,46.838125,120.29041077515848
6129,46.83875,119.70852948166004
6130,46.839375,118.97803521940426
6131,46.84,118.28686314238881
6132,46.840625,118.86989031812206
6133,46.84125,118.94867443774102
6134,46.841875,119.01702917777094
6135,46.8425,119.5909674940819
6136,46.843125,119.4255169747621
6137,46.84375,119.58185801276653
6138,46.844375,120.20599913279624
6139,46.845,120.03467425618001
6140,46.845625,120.16348368012854
6141,46.84625,120.41550976387116
6142,46.846875,120.44856742370973
6143,46.8475,120.74852995881247
6144,46.848125,121.08459819726795
6145,46.84875,121.3414171209074
6146,46.849375,121.5836249209525
6147,46.85,121.81221415656813
6148,46.850625,122.04181051023673
6149,46.85125,122.38511778555873
6150,46.851875,122.33215487976496
6151,46.8525,122.38511778555873
6152,46.853125,123.13703802140023
6153,46.85375,123.25128813046038
6154,46.854375,123.36994967046066
6155,46.855,123.60251750328106
6156,46.855625,123.75605277436838
6157,46.85625,124.08782663838599
6158,46.856875,124.4230664390941
6159,46.8575,124.37071010433056
6160,46.858125,124.51135426878942
6161,46.85875,124.64467042229467
6162,46.859375,124.6802163517436
6163,46.86,124.90531678914923
6164,46.860625,124.90037741475506
6165,46.86125,124.72066294235273
6166,46.861875,124.85579618957352
6167,46.8625,124.69540590321833
6168,46.863125,124.51135426878942
6169,46.86375,124.59875371815868
6170,46.864375,124.63958053663008
6171,46.865,124.76594135750787
6172,46.865625,124.98885922885165
6173,46.86625,124.85579618957352
6174,46.866875,124.91518711934553
6175,46.8675,125.02789700080208
6176,46.868125,124.84088478739102
6177,46.86875,124.80099544225295
6178,46.869375,124.68528248757579
6179,46.87,124.35494146525586
6180,46.870625,124.17957034552508
6181,46.87125,124.26504104392792
6182,46.871875,124.50101392276098
6183,46.8725,124.21706730629786
6184,46.873125,124.20637039652463
6185,46.87375,124.31803626408063
6186,46.874375,124.4439209260344
6187,46.875,124.50618563451727
6188,46.875625,124.5680071740601
6189,46.87625,124.63958053663008
6190,46.876875,124.79099441680945
6191,46.8775,124.82096301343289
6192,46.878125,124.74584675134918
6193,46.87875,124.59363684635352
6194,46.879375,124.49066125212171
6195,46.88,124.3916905242851
6196,46.880625,124.26504104392792
6197,46.88125,124.27566598670609
6198,46.881875,124.12031753526689
6199,46.8825,123.83460786725713
6200,46.883125,123.77856967521707
6201,46.88375,123.7051753059317
6202,46.884375,123.65969934007163
6203,46.885,123.67678074112843
6204,46.885625,123.34043591580513
6205,46.88625,123.06409800168568
6206,46.886875,122.93496027261281
6207,46.8875,122.74708222741467
6208,46.888125,122.89148415219232
6209,46.88875,123.1491353626845
6210,46.889375,123.02739700494922
6211,46.89,122.88525547523982
6212,46.890625,122.92876270571549
6213,46.89125,123.29894745243683
6214,46.891875,123.68814970824641
6215,46.8925,123.93457445246574
6216,46.893125,124.07696927492469
6217,46.89375,124.27566598670609
6218,46.894375,124.4699188192479
6219,46.895,124.64975732705973
6220,46.895625,124.80599164005426
6221,46.89625,125.2490217946086
6222,46.896875,125.5842102520279
6223,46.8975,125.7381070594475
6224,46.898125,125.97706152819413
6225,46.89875,126.25200878522519
6226,46.899375,126.51031326726296
6227,46.9,126.59202496713037
6228,46.900625,126.91531386228976
6229,46.90125,127.28351265541238
6230,46.901875,127.63312965171573
6231,46.9025,127.7442360062746
6232,46.903125,127.93792898285048
6233,46.90375,128.2020415328572
6234,46.904375,128.32615174119763
6235,46.905,128.45507882602698
6236,46.905625,128.63370689372024
6237,46.90625,128.9214187140201
6238,46.906875,128.9803063269557
6239,46.9075,129.10603543314153
6240,46.908125,129.34624125961105
6241,46.90875,129.072481471829
6242,46.909375,129.12124448909904
6243,46.91,129.30468189976028
6244,46.910625,129.20291634983502
6245,46.91125,129.18181579201172
6246,46.911875,129.08469791496532
6247,46.9125,128.81188523679663
6248,46.913125,128.40571769883834
6249,46.91375,128.1546145605267
6250,46.914375,128.02801081563086
6251,46.915,127.61146006133774
6252,46.915625,127.07447875177898
6253,46.91625,126.4938782772355
6254,46.916875,125.97706152819413
6255,46.9175,125.6795856847696
6256,46.918125,125.3199274099016
6257,46.91875,124.81098496565198
6258,46.919375,124.21706730629786
6259,46.92,123.82342911457117
6260,46.920625,123.60825265676647
6261,46.92125,123.53339865336298
6262,46.921875,123.42282302056765
6263,46.9225,123.19735694185134
6264,46.923125,122.75973465447063
6265,46.92375,121.86142612752127
6266,46.924375,121.0615688696684
6267,46.925,120.3573543792701
6268,46.925625,118.97803521940426
6269,46.92625,118.33960094640764
6270,46.926875,117.84189205380962
6271,46.9275,116.59893391883273
6272,46.928125,116.20465035990168
6273,46.92875,115.46109386728526
6274,46.929375,113.92712777466664
6275,46.93,113.04492682006646
6276,46.930625,111.24585728912949
6277,46.93125,108.26599528162504
6278,46.931875,104.136517520637
6279,46.9325,97.0251669743815
6280,46.933125,
6281,46.93375,
6282,46.934375,
6283,46.935,
6284,46.935625,
6285,46.93625,
6286,46.936875,
6287,46.9375,
6288,46.938125,
6289,46.93875,
6290,46.939375,
6291,46.94,
6292,46.940625,
6293,46.94125,
6294,46.941875,
6295,46.9425,
6296,46.943125,
6297,46.94375,
6298,46.944375,
6299,46.945,
6300,46.945625,
6301,46.94625,
6302,46.946875,
6303,46.9475,
6304,46.948125,
6305,46.94875,
6306,46.949375,
6307,46.95,
6308,46.950625,
6309,46.95125,
6310,46.951875,
6311,46.9525,
6312,46.953125,
6313,46.95375,
6314,46.954375,
6315,46.955,
6316,46.955625,
6317,46.95625,
6318,46.956875,
6319,46.9575,
6320,46.958125,
6321,46.95875,
6322,46.959375,
6323,46.96,
6324,46.960625,
6325,46.96125,
6326,46.961875,
6327,46.9625,
6328,46.963125,
6329,46.96375,
6330,46.964375,
6331,46.965,
6332,46.965625,
6333,46.96625,
6334,46.966875,
6335,46.9675,
6336,46.968125,
6337,46.96875,
6338,46.969375,
6339,46.97,
6340,46.970625,
6341,46.97125,
6342,46.971875,
6343,46.9725,
6344,46.973125,
6345,46.97375,
6346,46.974375,
6347,46.975,
6348,46.975625,
6349,46.97625,
6350,46.976875,
6351,46.9775,
6352,46.978125,
6353,46.97875,
6354,46.979375,
6355,46.98,
6356,46.980625,
6357,46.98125,
6358,46.981875,
6359,46.9825,
6360,46.983125,
6361,46.98375,
6362,46.984375,
6363,46.985,
6364,46.985625,
6365,46.98625,
6366,46.986875,
6367,46.9875,
6368,46.988125,
6369,46.98875,
6370,46.989375,
6371,46.99,
6372,46.990625,
6373,46.99125,
6374,46.991875,
6375,46.9925,
6376,46.993125,66.02059991327963
6377,46.99375,97.26645720240911
6378,46.994375,103.63687175889545
6379,46.995,107.27223959784288
6380,46.995625,109.21795685513096
6381,46.99625,110.31747687423359
6382,46.996875,111.22202767298113
6383,46.9975,112.14910046429337
6384,46.998125,113.16022793314225
6385,46.99875,113.82162984245937
6386,46.999375,114.26981086187885
6387,47.0,114.97925722512322
6388,47.000625,115.50492519480473
6389,47.00125,116.06914231296828
6390,47.001875,116.95145318284224
6391,47.0025,117.77481921365785
6392,47.003125,118.46488037260553
6393,47.00375,118.9975540807375
6394,47.004375,119.19036753945997
6395,47.005,119.79789127437547
6396,47.005625,120.48149974614853
6397,47.00625,120.6523752170144
6398,47.006875,120.9532838920312
6399,47.0075,121.37113790144726
