,az,t
73600,0.216,46.0
73601,0.174,46.000625
73602,0.135,46.00125
73603,0.24,46.001875
73604,0.205,46.0025
73605,0.137,46.003125
73606,0.147,46.00375
73607,0.172,46.004375
73608,0.244,46.005
73609,0.37,46.005625
73610,0.568,46.00625
73611,0.844,46.006875
73612,1.19,46.0075
73613,1.619,46.008125
73614,1.999,46.00875
73615,2.389,46.009375
73616,2.804,46.01
73617,3.226,46.010625
73618,3.712,46.01125
73619,4.243,46.011875
73620,4.791,46.0125
73621,5.182,46.013125
73622,5.519,46.01375
73623,5.835,46.014375
73624,6.195,46.015
73625,6.491,46.015625
73626,6.748,46.01625
73627,7.047,46.016875
73628,7.483,46.0175
73629,7.898,46.018125
73630,8.194,46.01875
73631,8.583,46.019375
73632,8.847,46.02
73633,9.007,46.020625
73634,9.238,46.02125
73635,9.414,46.021875
73636,9.613,46.0225
73637,9.916,46.023125
73638,10.12,46.02375
73639,10.218,46.024375
73640,10.227,46.025
73641,10.326,46.025625
73642,10.353,46.02625
73643,10.404,46.026875
73644,10.611,46.0275
73645,10.76,46.028125
73646,10.915,46.02875
73647,11.091,46.029375
73648,11.308,46.03
73649,11.369,46.030625
73650,11.396,46.03125
73651,11.6,46.031875
73652,11.737,46.0325
73653,11.798,46.033125
73654,11.776,46.03375
73655,11.956,46.034375
73656,12.051,46.035
73657,12.128,46.035625
73658,12.369,46.03625
73659,12.589,46.036875
73660,12.816,46.0375
73661,13.065,46.038125
73662,13.349,46.03875
73663,13.587,46.039375
73664,13.855,46.04
73665,14.491,46.040625
73666,15.654,46.04125
73667,16.655,46.041875
73668,16.985,46.0425
73669,17.262,46.043125
73670,17.423,46.04375
73671,17.46,46.044375
73672,17.303,46.045
73673,16.815,46.045625
73674,16.197,46.04625
73675,15.599,46.046875
73676,14.751,46.0475
73677,13.956,46.048125
73678,13.236,46.04875
73679,12.369,46.049375
73680,11.504,46.05
73681,10.673,46.050625
73682,9.935,46.05125
73683,9.231,46.051875
73684,8.576,46.0525
73685,7.976,46.053125
73686,7.411,46.05375
73687,6.624,46.054375
73688,5.75,46.055
73689,5.032,46.055625
73690,4.555,46.05625
73691,4.181,46.056875
73692,3.874,46.0575
73693,3.82,46.058125
73694,3.727,46.05875
73695,3.637,46.059375
73696,3.678,46.06
73697,3.342,46.060625
73698,3.092,46.06125
73699,3.181,46.061875
73700,3.305,46.0625
73701,3.525,46.063125
73702,3.773,46.06375
73703,3.735,46.064375
73704,3.64,46.065
73705,3.557,46.065625
73706,3.54,46.06625
73707,3.582,46.066875
73708,3.67,46.0675
73709,3.758,46.068125
73710,3.516,46.06875
73711,3.189,46.069375
73712,2.811,46.07
73713,2.4,46.070625
73714,1.859,46.07125
73715,1.476,46.071875
73716,1.262,46.0725
73717,0.725,46.073125
73718,0.221,46.07375
73719,-0.304,46.074375
73720,-0.943,46.075
73721,-1.411,46.075625
73722,-1.93,46.07625
73723,-2.558,46.076875
73724,-3.136,46.0775
73725,-3.725,46.078125
73726,-4.238,46.07875
73727,-4.442,46.079375
73728,-4.843,46.08
73729,-5.183,46.080625
73730,-5.356,46.08125
73731,-5.567,46.081875
73732,-5.635,46.0825
73733,-5.537,46.083125
73734,-5.129,46.08375
73735,-4.952,46.084375
73736,-4.853,46.085
73737,-4.764,46.085625
73738,-4.598,46.08625
73739,-4.399,46.086875
73740,-4.166,46.0875
73741,-3.884,46.088125
73742,-3.392,46.08875
73743,-2.865,46.089375
73744,-2.433,46.09
73745,-2.255,46.090625
73746,-11.727,46.09125
73747,-31.728,46.091875
73748,-61.286,46.0925
73749,-70.959,46.093125
73750,-71.884,46.09375
73751,-73.619,46.094375
73752,-84.658,46.095
73753,-82.748,46.095625
73754,-63.507,46.09625
73755,-31.357,46.096875
73756,-3.727,46.0975
73757,18.781,46.098125
73758,32.849,46.09875
73759,19.805,46.099375
73760,0.818,46.1
73761,-18.557,46.100625
73762,-22.071,46.10125
73763,-22.002,46.101875
73764,-17.902,46.1025
73765,-6.936,46.103125
73766,7.937,46.10375
73767,23.952,46.104375
73768,40.17,46.105
73769,55.333,46.105625
73770,63.64,46.10625
73771,66.942,46.106875
73772,70.976,46.1075
73773,74.365,46.108125
73774,73.666,46.10875
73775,65.666,46.109375
73776,62.841,46.11
73777,61.834,46.110625
73778,62.282,46.11125
73779,63.789,46.111875
73780,66.029,46.1125
73781,68.74,46.113125
73782,71.856,46.11375
73783,74.656,46.114375
73784,77.158,46.115
73785,79.331,46.115625
73786,80.879,46.11625
73787,81.489,46.116875
73788,81.286,46.1175
73789,80.089,46.118125
73790,78.52,46.11875
73791,77.441,46.119375
73792,77.003,46.12
73793,76.078,46.120625
73794,74.037,46.12125
73795,71.243,46.121875
73796,68.045,46.1225
73797,64.831,46.123125
73798,61.787,46.12375
73799,58.982,46.124375
73800,55.428,46.125
73801,52.03,46.125625
73802,48.832,46.12625
73803,46.033,46.126875
73804,43.103,46.1275
73805,39.833,46.128125
73806,36.057,46.12875
73807,32.914,46.129375
73808,29.923,46.13
73809,27.005,46.130625
73810,23.924,46.13125
73811,21.161,46.131875
73812,18.657,46.1325
73813,16.446,46.133125
73814,15.004,46.13375
73815,13.978,46.134375
73816,13.351,46.135
73817,13.276,46.135625
73818,13.307,46.13625
73819,13.546,46.136875
73820,14.172,46.1375
73821,15.637,46.138125
73822,17.254,46.13875
73823,18.818,46.139375
73824,19.063,46.14
73825,19.083,46.140625
73826,18.941,46.14125
73827,18.655,46.141875
73828,18.317,46.1425
73829,17.946,46.143125
73830,17.542,46.14375
73831,17.073,46.144375
73832,16.554,46.145
73833,16.0,46.145625
73834,15.422,46.14625
73835,14.647,46.146875
73836,13.808,46.1475
73837,12.941,46.148125
73838,12.209,46.14875
73839,11.382,46.149375
73840,10.474,46.15
73841,9.508,46.150625
73842,8.295,46.15125
73843,7.031,46.151875
73844,5.807,46.1525
73845,4.504,46.153125
73846,2.666,46.15375
73847,0.573,46.154375
73848,-0.448,46.155
73849,-1.316,46.155625
73850,-2.034,46.15625
73851,-2.558,46.156875
73852,-2.813,46.1575
73853,-2.901,46.158125
73854,-2.848,46.15875
73855,-2.746,46.159375
73856,-2.478,46.16
73857,-2.098,46.160625
73858,-1.618,46.16125
73859,-1.151,46.161875
73860,-0.625,46.1625
73861,-0.033,46.163125
73862,0.562,46.16375
73863,1.113,46.164375
73864,1.644,46.165
73865,2.188,46.165625
73866,2.735,46.16625
73867,3.274,46.166875
73868,3.803,46.1675
73869,4.391,46.168125
73870,4.957,46.16875
73871,5.509,46.169375
73872,6.067,46.17
73873,6.57,46.170625
73874,7.146,46.17125
73875,7.853,46.171875
73876,8.39,46.1725
73877,8.979,46.173125
73878,9.593,46.17375
73879,10.134,46.174375
73880,10.607,46.175
73881,11.079,46.175625
73882,11.586,46.17625
73883,12.089,46.176875
73884,12.596,46.1775
73885,13.12,46.178125
73886,13.732,46.17875
73887,14.293,46.179375
73888,14.831,46.18
73889,15.365,46.180625
73890,15.847,46.18125
73891,16.25,46.181875
73892,16.607,46.1825
73893,17.222,46.183125
73894,17.819,46.18375
73895,18.356,46.184375
73896,18.761,46.185
73897,18.843,46.185625
73898,18.754,46.18625
73899,18.535,46.186875
73900,18.514,46.1875
73901,18.536,46.188125
73902,18.576,46.18875
73903,18.603,46.189375
73904,18.526,46.19
73905,18.462,46.190625
73906,18.442,46.19125
73907,18.282,46.191875
73908,17.992,46.1925
73909,17.581,46.193125
73910,17.019,46.19375
73911,16.768,46.194375
73912,16.657,46.195
73913,16.64,46.195625
73914,16.517,46.19625
73915,16.515,46.196875
73916,16.607,46.1975
73917,16.702,46.198125
73918,16.695,46.19875
73919,16.619,46.199375
73920,16.476,46.2
73921,16.314,46.200625
73922,16.304,46.20125
73923,16.399,46.201875
73924,16.27,46.2025
73925,16.109,46.203125
73926,15.953,46.20375
73927,15.837,46.204375
73928,15.7,46.205
73929,15.537,46.205625
73930,15.329,46.20625
73931,14.894,46.206875
73932,14.553,46.2075
73933,14.25,46.208125
73934,13.927,46.20875
73935,13.653,46.209375
73936,13.337,46.21
73937,12.965,46.210625
73938,12.717,46.21125
73939,12.458,46.211875
73940,12.207,46.2125
73941,12.007,46.213125
73942,11.7,46.21375
73943,11.457,46.214375
73944,11.338,46.215
73945,11.25,46.215625
73946,11.09,46.21625
73947,10.883,46.216875
73948,10.679,46.2175
73949,10.47,46.218125
73950,10.264,46.21875
73951,10.067,46.219375
73952,9.712,46.22
73953,9.374,46.220625
73954,9.057,46.22125
73955,8.754,46.221875
73956,8.461,46.2225
73957,8.202,46.223125
73958,8.001,46.22375
73959,7.788,46.224375
73960,7.671,46.225
73961,7.659,46.225625
73962,7.768,46.22625
73963,7.927,46.226875
73964,8.083,46.2275
73965,8.182,46.228125
73966,8.359,46.22875
73967,8.553,46.229375
73968,8.754,46.23
73969,8.954,46.230625
73970,9.228,46.23125
73971,9.554,46.231875
73972,9.928,46.2325
73973,10.131,46.233125
73974,10.332,46.23375
73975,10.568,46.234375
73976,10.833,46.235
73977,11.051,46.235625
73978,11.256,46.23625
73979,11.511,46.236875
73980,11.744,46.2375
73981,11.989,46.238125
73982,12.257,46.23875
73983,12.435,46.239375
73984,12.633,46.24
73985,12.842,46.240625
73986,13.022,46.24125
73987,13.018,46.241875
73988,13.002,46.2425
73989,13.06,46.243125
73990,13.04,46.24375
73991,13.098,46.244375
73992,13.201,46.245
73993,13.164,46.245625
73994,13.199,46.24625
73995,13.224,46.246875
73996,13.177,46.2475
73997,13.145,46.248125
73998,13.099,46.24875
73999,13.058,46.249375
74000,13.201,46.25
74001,13.268,46.250625
74002,13.366,46.25125
74003,13.621,46.251875
74004,13.661,46.2525
74005,13.677,46.253125
74006,13.713,46.25375
74007,13.92,46.254375
74008,14.099,46.255
74009,14.235,46.255625
74010,14.29,46.25625
74011,14.39,46.256875
74012,14.497,46.2575
74013,14.601,46.258125
74014,14.628,46.25875
74015,14.651,46.259375
74016,14.674,46.26
74017,14.708,46.260625
74018,14.813,46.26125
74019,14.909,46.261875
74020,14.963,46.2625
74021,15.031,46.263125
74022,15.148,46.26375
74023,15.288,46.264375
74024,15.367,46.265
74025,15.424,46.265625
74026,15.456,46.26625
74027,15.452,46.266875
74028,15.575,46.2675
74029,15.671,46.268125
74030,15.733,46.26875
74031,15.761,46.269375
74032,15.776,46.27
74033,15.791,46.270625
74034,15.818,46.27125
74035,15.87,46.271875
74036,15.94,46.2725
74037,16.022,46.273125
74038,16.077,46.27375
74039,16.126,46.274375
74040,16.188,46.275
74041,16.287,46.275625
74042,16.211,46.27625
74043,16.175,46.276875
74044,16.207,46.2775
74045,16.092,46.278125
74046,16.013,46.27875
74047,15.921,46.279375
74048,15.717,46.28
74049,15.521,46.280625
74050,15.337,46.28125
74051,15.166,46.281875
74052,14.931,46.2825
74053,14.796,46.283125
74054,14.728,46.28375
74055,14.673,46.284375
74056,14.678,46.285
74057,14.645,46.285625
74058,14.526,46.28625
74059,14.55,46.286875
74060,14.583,46.2875
74061,14.603,46.288125
74062,14.531,46.28875
74063,14.516,46.289375
74064,14.548,46.29
74065,14.633,46.290625
74066,14.673,46.29125
74067,14.714,46.291875
74068,14.763,46.2925
74069,14.841,46.293125
74070,14.982,46.29375
74071,15.119,46.294375
74072,15.187,46.295
74073,15.401,46.295625
74074,15.598,46.29625
74075,15.754,46.296875
74076,15.877,46.2975
74077,15.969,46.298125
74078,16.013,46.29875
74079,15.962,46.299375
74080,16.054,46.3
74081,16.201,46.300625
74082,16.379,46.30125
74083,16.444,46.301875
74084,16.556,46.3025
74085,16.714,46.303125
74086,16.935,46.30375
74087,17.117,46.304375
74088,17.355,46.305
74089,17.684,46.305625
74090,17.721,46.30625
74091,17.818,46.306875
74092,17.94,46.3075
74093,18.005,46.308125
74094,17.987,46.30875
74095,17.979,46.309375
74096,18.027,46.31
74097,18.091,46.310625
74098,18.11,46.31125
74099,18.078,46.311875
74100,17.966,46.3125
74101,17.965,46.313125
74102,17.943,46.31375
74103,17.804,46.314375
74104,17.563,46.315
74105,17.333,46.315625
74106,17.128,46.31625
74107,16.995,46.316875
74108,16.87,46.3175
74109,16.763,46.318125
74110,16.695,46.31875
74111,16.6,46.319375
74112,16.539,46.32
74113,16.518,46.320625
74114,16.483,46.32125
74115,16.409,46.321875
74116,16.34,46.3225
74117,16.347,46.323125
74118,16.374,46.32375
74119,16.362,46.324375
74120,16.298,46.325
74121,16.236,46.325625
74122,16.184,46.32625
74123,16.144,46.326875
74124,16.134,46.3275
74125,16.151,46.328125
74126,16.207,46.32875
74127,16.309,46.329375
74128,16.336,46.33
74129,16.366,46.330625
74130,16.419,46.33125
74131,16.575,46.331875
74132,16.719,46.3325
74133,16.804,46.333125
74134,16.793,46.33375
74135,17.001,46.334375
74136,17.15,46.335
74137,17.235,46.335625
74138,17.283,46.33625
74139,17.363,46.336875
74140,17.437,46.3375
74141,17.475,46.338125
74142,17.362,46.33875
74143,17.25,46.339375
74144,17.163,46.34
74145,17.18,46.340625
74146,17.065,46.34125
74147,16.897,46.341875
74148,16.74,46.3425
74149,16.593,46.343125
74150,16.406,46.34375
74151,16.184,46.344375
74152,16.088,46.345
74153,15.842,46.345625
74154,15.553,46.34625
74155,15.379,46.346875
74156,15.217,46.3475
74157,15.028,46.348125
74158,14.798,46.34875
74159,14.468,46.349375
74160,14.194,46.35
74161,13.968,46.350625
74162,13.784,46.35125
74163,13.663,46.351875
74164,13.602,46.3525
74165,13.609,46.353125
74166,13.508,46.35375
74167,13.412,46.354375
74168,13.331,46.355
74169,13.3,46.355625
74170,13.249,46.35625
74171,13.215,46.356875
74172,13.225,46.3575
74173,13.216,46.358125
74174,13.215,46.35875
74175,13.192,46.359375
74176,12.975,46.36
74177,12.86,46.360625
74178,12.784,46.36125
74179,12.706,46.361875
74180,12.659,46.3625
74181,12.655,46.363125
74182,12.678,46.36375
74183,12.559,46.364375
74184,12.554,46.365
74185,12.587,46.365625
74186,12.58,46.36625
74187,12.626,46.366875
74188,12.601,46.3675
74189,12.491,46.368125
74190,12.549,46.36875
74191,12.512,46.369375
74192,12.457,46.37
74193,12.508,46.370625
74194,12.398,46.37125
74195,12.261,46.371875
74196,12.134,46.3725
74197,12.123,46.373125
74198,12.072,46.37375
74199,11.982,46.374375
74200,11.842,46.375
74201,11.646,46.375625
74202,11.506,46.37625
74203,11.478,46.376875
74204,11.335,46.3775
74205,11.295,46.378125
74206,11.314,46.37875
74207,11.215,46.379375
74208,11.101,46.38
74209,10.981,46.380625
74210,10.858,46.38125
74211,10.803,46.381875
74212,10.8,46.3825
74213,10.839,46.383125
74214,10.863,46.38375
74215,10.87,46.384375
74216,10.858,46.385
74217,10.821,46.385625
74218,10.722,46.38625
74219,10.697,46.386875
74220,10.753,46.3875
74221,10.794,46.388125
74222,10.78,46.38875
74223,10.793,46.389375
74224,10.957,46.39
74225,11.12,46.390625
74226,11.265,46.39125
74227,11.384,46.391875
74228,11.421,46.3925
74229,11.448,46.393125
74230,11.473,46.39375
74231,11.514,46.394375
74232,11.513,46.395
74233,11.586,46.395625
74234,11.78,46.39625
74235,11.861,46.396875
74236,11.933,46.3975
74237,12.001,46.398125
74238,12.086,46.39875
74239,12.198,46.399375
74240,12.345,46.4
74241,12.539,46.400625
74242,12.519,46.40125
74243,12.5,46.401875
74244,12.486,46.4025
74245,12.469,46.403125
74246,12.507,46.40375
74247,12.543,46.404375
74248,12.537,46.405
74249,12.413,46.405625
74250,12.328,46.40625
74251,12.294,46.406875
74252,12.318,46.4075
74253,12.282,46.408125
74254,12.24,46.40875
74255,12.244,46.409375
74256,12.25,46.41
74257,12.325,46.410625
74258,12.472,46.41125
74259,12.574,46.411875
74260,12.633,46.4125
74261,12.668,46.413125
74262,12.695,46.41375
74263,12.713,46.414375
74264,12.727,46.415
74265,12.735,46.415625
74266,12.667,46.41625
74267,12.707,46.416875
74268,12.79,46.4175
74269,12.79,46.418125
74270,12.746,46.41875
74271,12.672,46.419375
74272,12.57,46.42
74273,12.593,46.420625
74274,12.669,46.42125
74275,12.764,46.421875
74276,12.777,46.4225
74277,12.741,46.423125
74278,12.734,46.42375
74279,12.806,46.424375
74280,13.033,46.425
74281,13.197,46.425625
74282,13.31,46.42625
74283,13.47,46.426875
74284,13.476,46.4275
74285,13.458,46.428125
74286,13.509,46.42875
74287,13.451,46.429375
74288,13.355,46.43
74289,13.229,46.430625
74290,13.069,46.43125
74291,12.803,46.431875
74292,12.515,46.4325
74293,12.291,46.433125
74294,12.123,46.43375
74295,11.945,46.434375
74296,11.754,46.435
74297,11.659,46.435625
74298,11.586,46.43625
74299,11.508,46.436875
74300,11.379,46.4375
74301,11.407,46.438125
74302,11.372,46.43875
74303,11.216,46.439375
74304,11.083,46.44
74305,10.94,46.440625
74306,10.786,46.44125
74307,10.612,46.441875
74308,10.52,46.4425
74309,10.461,46.443125
74310,10.42,46.44375
74311,10.289,46.444375
74312,10.205,46.445
74313,10.139,46.445625
74314,9.979,46.44625
74315,9.798,46.446875
74316,9.635,46.4475
74317,9.516,46.448125
74318,9.4,46.44875
74319,9.292,46.449375
74320,9.188,46.45
74321,9.069,46.450625
74322,8.984,46.45125
74323,8.928,46.451875
74324,8.904,46.4525
74325,9.074,46.453125
74326,9.18,46.45375
74327,9.197,46.454375
74328,9.18,46.455
74329,9.202,46.455625
74330,9.226,46.45625
74331,9.206,46.456875
74332,9.174,46.4575
74333,9.141,46.458125
74334,9.103,46.45875
74335,8.93,46.459375
74336,8.798,46.46
74337,8.698,46.460625
74338,8.627,46.46125
74339,8.482,46.461875
74340,8.351,46.4625
74341,8.26,46.463125
74342,8.267,46.46375
74343,8.212,46.464375
74344,8.126,46.465
74345,8.078,46.465625
74346,7.98,46.46625
74347,7.904,46.466875
74348,7.887,46.4675
74349,7.87,46.468125
74350,7.816,46.46875
74351,7.737,46.469375
74352,7.669,46.47
74353,7.557,46.470625
74354,7.464,46.47125
74355,7.434,46.471875
74356,7.349,46.4725
74357,7.352,46.473125
74358,7.425,46.47375
74359,7.412,46.474375
74360,7.456,46.475
74361,7.538,46.475625
74362,7.65,46.47625
74363,7.787,46.476875
74364,7.828,46.4775
74365,7.778,46.478125
74366,7.856,46.47875
74367,7.946,46.479375
74368,8.063,46.48
74369,8.24,46.480625
74370,8.247,46.48125
74371,8.306,46.481875
74372,8.458,46.4825
74373,8.495,46.483125
74374,8.455,46.48375
74375,8.364,46.484375
74376,8.252,46.485
74377,8.234,46.485625
74378,8.242,46.48625
74379,8.256,46.486875
74380,8.378,46.4875
74381,8.464,46.488125
74382,8.522,46.48875
74383,8.566,46.489375
74384,8.595,46.49
74385,8.66,46.490625
74386,8.796,46.49125
74387,8.877,46.491875
74388,9.048,46.4925
74389,9.28,46.493125
74390,9.44,46.49375
74391,9.594,46.494375
74392,9.715,46.495
74393,9.769,46.495625
74394,9.899,46.49625
74395,10.06,46.496875
74396,10.237,46.4975
74397,10.359,46.498125
74398,10.441,46.49875
74399,10.516,46.499375
74400,10.614,46.5
74401,10.632,46.500625
74402,10.614,46.50125
74403,10.566,46.501875
74404,10.478,46.5025
74405,10.342,46.503125
74406,10.206,46.50375
74407,10.138,46.504375
74408,10.11,46.505
74409,10.105,46.505625
74410,10.115,46.50625
74411,10.023,46.506875
74412,9.914,46.5075
74413,9.82,46.508125
74414,9.817,46.50875
74415,9.767,46.509375
74416,9.719,46.51
74417,9.692,46.510625
74418,9.634,46.51125
74419,9.58,46.511875
74420,9.534,46.5125
74421,9.51,46.513125
74422,9.458,46.51375
74423,9.42,46.514375
74424,9.423,46.515
74425,9.391,46.515625
74426,9.443,46.51625
74427,9.547,46.516875
74428,9.54,46.5175
74429,9.538,46.518125
74430,9.531,46.51875
74431,9.507,46.519375
74432,9.511,46.52
74433,9.49,46.520625
74434,9.439,46.52125
74435,9.35,46.521875
74436,9.302,46.5225
74437,9.268,46.523125
74438,9.227,46.52375
74439,9.118,46.524375
74440,9.021,46.525
74441,8.95,46.525625
74442,8.882,46.52625
74443,8.785,46.526875
74444,8.703,46.5275
74445,8.713,46.528125
74446,8.684,46.52875
74447,8.67,46.529375
74448,8.686,46.53
74449,8.665,46.530625
74450,8.662,46.53125
74451,8.658,46.531875
74452,8.614,46.5325
74453,8.586,46.533125
74454,8.591,46.53375
74455,8.642,46.534375
74456,8.64,46.535
74457,8.703,46.535625
74458,8.803,46.53625
74459,8.844,46.536875
74460,8.89,46.5375
74461,8.893,46.538125
74462,8.815,46.53875
74463,8.888,46.539375
74464,8.937,46.54
74465,8.955,46.540625
74466,8.962,46.54125
74467,8.964,46.541875
74468,8.957,46.5425
74469,8.937,46.543125
74470,8.929,46.54375
74471,8.871,46.544375
74472,8.77,46.545
74473,8.739,46.545625
74474,8.736,46.54625
74475,8.693,46.546875
74476,8.509,46.5475
74477,8.397,46.548125
74478,8.295,46.54875
74479,8.194,46.549375
74480,8.126,46.55
74481,8.028,46.550625
74482,7.921,46.55125
74483,7.842,46.551875
74484,7.821,46.5525
74485,7.77,46.553125
74486,7.667,46.55375
74487,7.725,46.554375
74488,7.696,46.555
74489,7.631,46.555625
74490,7.644,46.55625
74491,7.626,46.556875
74492,7.627,46.5575
74493,7.675,46.558125
74494,7.62,46.55875
74495,7.567,46.559375
74496,7.533,46.56
74497,7.571,46.560625
74498,7.516,46.56125
74499,7.429,46.561875
74500,7.337,46.5625
74501,7.28,46.563125
74502,7.22,46.56375
74503,7.163,46.564375
74504,7.16,46.565
74505,7.118,46.565625
74506,7.073,46.56625
74507,7.06,46.566875
74508,7.15,46.5675
74509,7.215,46.568125
74510,7.242,46.56875
74511,7.269,46.569375
74512,7.317,46.57
74513,7.375,46.570625
74514,7.433,46.57125
74515,7.482,46.571875
74516,7.554,46.5725
74517,7.655,46.573125
74518,7.73,46.57375
74519,7.783,46.574375
74520,7.815,46.575
74521,7.819,46.575625
74522,7.864,46.57625
74523,7.882,46.576875
74524,7.848,46.5775
74525,7.831,46.578125
74526,7.814,46.57875
74527,7.794,46.579375
74528,7.76,46.58
74529,7.726,46.580625
74530,7.657,46.58125
74531,7.527,46.581875
74532,7.437,46.5825
74533,7.366,46.583125
74534,7.303,46.58375
74535,7.207,46.584375
74536,7.13,46.585
74537,7.049,46.585625
74538,6.951,46.58625
74539,6.896,46.586875
74540,6.834,46.5875
74541,6.766,46.588125
74542,6.722,46.58875
74543,6.678,46.589375
74544,6.63,46.59
74545,6.576,46.590625
74546,6.524,46.59125
74547,6.491,46.591875
74548,6.479,46.5925
74549,6.479,46.593125
74550,6.461,46.59375
74551,6.439,46.594375
74552,6.432,46.595
74553,6.457,46.595625
74554,6.447,46.59625
74555,6.387,46.596875
74556,6.367,46.5975
74557,6.384,46.598125
74558,6.408,46.59875
74559,6.367,46.599375
74560,6.337,46.6
74561,6.308,46.600625
74562,6.278,46.60125
74563,6.274,46.601875
74564,6.309,46.6025
74565,6.357,46.603125
74566,6.343,46.60375
74567,6.29,46.604375
74568,6.239,46.605
74569,6.212,46.605625
74570,6.168,46.60625
74571,6.113,46.606875
74572,6.048,46.6075
74573,5.98,46.608125
74574,5.954,46.60875
74575,5.935,46.609375
74576,5.898,46.61
74577,5.851,46.610625
74578,5.79,46.61125
74579,5.717,46.611875
74580,5.67,46.6125
74581,5.646,46.613125
74582,5.638,46.61375
74583,5.645,46.614375
74584,5.574,46.615
74585,5.55,46.615625
74586,5.59,46.61625
74587,5.621,46.616875
74588,5.578,46.6175
74589,5.515,46.618125
74590,5.508,46.61875
74591,5.504,46.619375
74592,5.524,46.62
74593,5.574,46.620625
74594,5.608,46.62125
74595,5.582,46.621875
74596,5.536,46.6225
74597,5.563,46.623125
74598,5.561,46.62375
74599,5.569,46.624375
74600,5.607,46.625
74601,5.601,46.625625
74602,5.617,46.62625
74603,5.644,46.626875
74604,5.634,46.6275
74605,5.626,46.628125
74606,5.631,46.62875
74607,5.658,46.629375
74608,5.673,46.63
74609,5.686,46.630625
74610,5.692,46.63125
74611,5.644,46.631875
74612,5.651,46.6325
74613,5.657,46.633125
74614,5.616,46.63375
74615,5.646,46.634375
74616,5.649,46.635
74617,5.621,46.635625
74618,5.614,46.63625
74619,5.644,46.636875
74620,5.695,46.6375
74621,5.753,46.638125
74622,5.716,46.63875
74623,5.735,46.639375
74624,5.833,46.64
74625,5.854,46.640625
74626,5.885,46.64125
74627,5.914,46.641875
74628,5.918,46.6425
74629,5.989,46.643125
74630,6.057,46.64375
74631,6.101,46.644375
74632,6.107,46.645
74633,6.118,46.645625
74634,6.143,46.64625
74635,6.215,46.646875
74636,6.246,46.6475
74637,6.253,46.648125
74638,6.24,46.64875
74639,6.332,46.649375
74640,6.368,46.65
74641,6.357,46.650625
74642,6.347,46.65125
74643,6.38,46.651875
74644,6.408,46.6525
74645,6.398,46.653125
74646,6.426,46.65375
74647,6.428,46.654375
74648,6.405,46.655
74649,6.388,46.655625
74650,6.436,46.65625
74651,6.479,46.656875
74652,6.448,46.6575
74653,6.415,46.658125
74654,6.361,46.65875
74655,6.293,46.659375
74656,6.307,46.66
74657,6.291,46.660625
74658,6.282,46.66125
74659,6.337,46.661875
74660,6.348,46.6625
74661,6.331,46.663125
74662,6.295,46.66375
74663,6.38,46.664375
74664,6.386,46.665
74665,6.36,46.665625
74666,6.388,46.66625
74667,6.376,46.666875
74668,6.355,46.6675
74669,6.335,46.668125
74670,6.349,46.66875
74671,6.348,46.669375
74672,6.349,46.67
74673,6.396,46.670625
74674,6.431,46.67125
74675,6.455,46.671875
74676,6.469,46.6725
74677,6.528,46.673125
74678,6.567,46.67375
74679,6.58,46.674375
74680,6.553,46.675
74681,6.568,46.675625
74682,6.6,46.67625
74683,6.634,46.676875
74684,6.586,46.6775
74685,6.592,46.678125
74686,6.647,46.67875
74687,6.65,46.679375
74688,6.684,46.68
74689,6.712,46.680625
74690,6.692,46.68125
74691,6.659,46.681875
74692,6.646,46.6825
74693,6.649,46.683125
74694,6.55,46.68375
74695,6.488,46.684375
74696,6.45,46.685
74697,6.429,46.685625
74698,6.469,46.68625
74699,6.514,46.686875
74700,6.551,46.6875
74701,6.565,46.688125
74702,6.54,46.68875
74703,6.503,46.689375
74704,6.503,46.69
74705,6.475,46.690625
74706,6.451,46.69125
74707,6.44,46.691875
74708,6.376,46.6925
74709,6.338,46.693125
74710,6.32,46.69375
74711,6.317,46.694375
74712,6.248,46.695
74713,6.206,46.695625
74714,6.247,46.69625
74715,6.174,46.696875
74716,6.168,46.6975
74717,6.225,46.698125
74718,6.297,46.69875
74719,6.281,46.699375
74720,6.288,46.7
74721,6.411,46.700625
74722,6.378,46.70125
74723,6.394,46.701875
74724,6.465,46.7025
74725,6.476,46.703125
74726,6.462,46.70375
74727,6.46,46.704375
74728,6.511,46.705
74729,6.529,46.705625
74730,6.514,46.70625
74731,6.471,46.706875
74732,6.494,46.7075
74733,6.505,46.708125
74734,6.502,46.70875
74735,6.482,46.709375
74736,6.473,46.71
74737,6.476,46.710625
74738,6.493,46.71125
74739,6.476,46.711875
74740,6.507,46.7125
74741,6.553,46.713125
74742,6.543,46.71375
74743,6.525,46.714375
74744,6.531,46.715
74745,6.578,46.715625
74746,6.613,46.71625
74747,6.668,46.716875
74748,6.729,46.7175
74749,6.736,46.718125
74750,6.763,46.71875
74751,6.821,46.719375
74752,6.923,46.72
74753,6.987,46.720625
74754,7.004,46.72125
74755,6.995,46.721875
74756,7.059,46.7225
74757,7.131,46.723125
74758,7.207,46.72375
74759,7.285,46.724375
74760,7.345,46.725
74761,7.378,46.725625
74762,7.386,46.72625
74763,7.413,46.726875
74764,7.429,46.7275
74765,7.436,46.728125
74766,7.436,46.72875
74767,7.398,46.729375
74768,7.346,46.73
74769,7.288,46.730625
74770,7.295,46.73125
74771,7.293,46.731875
74772,7.273,46.7325
74773,7.208,46.733125
74774,7.169,46.73375
74775,7.106,46.734375
74776,7.006,46.735
74777,7.033,46.735625
74778,7.036,46.73625
74779,7.038,46.736875
74780,7.106,46.7375
74781,7.166,46.738125
74782,7.226,46.73875
74783,7.291,46.739375
74784,7.346,46.74
74785,7.406,46.740625
74786,7.473,46.74125
74787,7.555,46.741875
74788,7.667,46.7425
74789,7.778,46.743125
74790,7.866,46.74375
74791,8.018,46.744375
74792,8.173,46.745
74793,8.319,46.745625
74794,8.41,46.74625
74795,8.485,46.746875
74796,8.561,46.7475
74797,8.652,46.748125
74798,8.738,46.74875
74799,8.835,46.749375
74800,8.944,46.75
74801,9.056,46.750625
74802,9.178,46.75125
74803,9.261,46.751875
74804,9.223,46.7525
74805,9.389,46.753125
74806,9.531,46.75375
74807,9.596,46.754375
74808,9.592,46.755
74809,9.664,46.755625
74810,9.764,46.75625
74811,9.808,46.756875
74812,9.858,46.7575
74813,9.88,46.758125
74814,9.859,46.75875
74815,9.876,46.759375
74816,9.833,46.76
74817,9.77,46.760625
74818,9.808,46.76125
74819,9.784,46.761875
74820,9.755,46.7625
74821,9.745,46.763125
74822,9.676,46.76375
74823,9.608,46.764375
74824,9.544,46.765
74825,9.483,46.765625
74826,9.447,46.76625
74827,9.418,46.766875
74828,9.388,46.7675
74829,9.329,46.768125
74830,9.289,46.76875
74831,9.266,46.769375
74832,9.221,46.77
74833,9.201,46.770625
74834,9.19,46.77125
74835,9.176,46.771875
74836,9.075,46.7725
74837,8.974,46.773125
74838,8.888,46.77375
74839,8.827,46.774375
74840,8.819,46.775
74841,8.84,46.775625
74842,8.86,46.77625
74843,8.855,46.776875
74844,8.816,46.7775
74845,8.741,46.778125
74846,8.663,46.77875
74847,8.568,46.779375
74848,8.492,46.78
74849,8.522,46.780625
74850,8.569,46.78125
74851,8.584,46.781875
74852,8.543,46.7825
74853,8.526,46.783125
74854,8.582,46.78375
74855,8.665,46.784375
74856,8.624,46.785
74857,8.612,46.785625
74858,8.622,46.78625
74859,8.656,46.786875
74860,8.722,46.7875
74861,8.79,46.788125
74862,8.851,46.78875
74863,8.868,46.789375
74864,8.903,46.79
74865,8.931,46.790625
74866,8.935,46.79125
74867,8.966,46.791875
74868,8.98,46.7925
74869,8.978,46.793125
74870,9.029,46.79375
74871,9.022,46.794375
74872,9.004,46.795
74873,9.028,46.795625
74874,9.171,46.79625
74875,9.304,46.796875
74876,9.404,46.7975
74877,9.475,46.798125
74878,9.52,46.79875
74879,9.538,46.799375
74880,9.518,46.8
74881,9.52,46.800625
74882,9.539,46.80125
74883,9.572,46.801875
74884,9.558,46.8025
74885,9.54,46.803125
74886,9.522,46.80375
74887,9.512,46.804375
74888,9.586,46.805
74889,9.611,46.805625
74890,9.526,46.80625
74891,9.527,46.806875
74892,9.509,46.8075
74893,9.484,46.808125
74894,9.505,46.80875
74895,9.476,46.809375
74896,9.445,46.81
74897,9.438,46.810625
74898,9.396,46.81125
74899,9.368,46.811875
74900,9.347,46.8125
74901,9.272,46.813125
74902,9.256,46.81375
74903,9.24,46.814375
74904,9.172,46.815
74905,9.208,46.815625
74906,9.215,46.81625
74907,9.183,46.816875
74908,9.169,46.8175
74909,9.179,46.818125
74910,9.197,46.81875
74911,9.207,46.819375
74912,9.188,46.82
74913,9.195,46.820625
74914,9.238,46.82125
74915,9.258,46.821875
74916,9.279,46.8225
74917,9.296,46.823125
74918,9.303,46.82375
74919,9.346,46.824375
74920,9.401,46.825
74921,9.462,46.825625
74922,9.465,46.82625
74923,9.524,46.826875
74924,9.603,46.8275
74925,9.613,46.828125
74926,9.61,46.82875
74927,9.58,46.829375
74928,9.512,46.83
74929,9.45,46.830625
74930,9.381,46.83125
74931,9.316,46.831875
74932,9.299,46.8325
74933,9.264,46.833125
74934,9.251,46.83375
74935,9.292,46.834375
74936,9.234,46.835
74937,9.184,46.835625
74938,9.153,46.83625
74939,9.173,46.836875
74940,9.194,46.8375
74941,9.22,46.838125
74942,9.261,46.83875
74943,9.287,46.839375
74944,9.354,46.84
74945,9.457,46.840625
74946,9.457,46.84125
74947,9.489,46.841875
74948,9.528,46.8425
74949,9.541,46.843125
74950,9.63,46.84375
74951,9.704,46.844375
74952,9.746,46.845
74953,9.913,46.845625
74954,10.009,46.84625
74955,10.053,46.846875
74956,10.063,46.8475
74957,10.11,46.848125
74958,10.19,46.84875
74959,10.309,46.849375
74960,10.381,46.85
74961,10.374,46.850625
74962,10.329,46.85125
74963,10.356,46.851875
74964,10.423,46.8525
74965,10.499,46.853125
74966,10.57,46.85375
74967,10.563,46.854375
74968,10.53,46.855
74969,10.489,46.855625
74970,10.502,46.85625
74971,10.476,46.856875
74972,10.447,46.8575
74973,10.444,46.858125
74974,10.346,46.85875
74975,10.279,46.859375
74976,10.244,46.86
74977,10.169,46.860625
74978,10.056,46.86125
74979,9.935,46.861875
74980,9.833,46.8625
74981,9.683,46.863125
74982,9.565,46.86375
74983,9.491,46.864375
74984,9.434,46.865
74985,9.392,46.865625
74986,9.333,46.86625
74987,9.2,46.866875
74988,9.165,46.8675
74989,9.151,46.868125
74990,9.139,46.86875
74991,9.078,46.869375
74992,9.032,46.87
74993,8.993,46.870625
74994,8.949,46.87125
74995,8.847,46.871875
74996,8.774,46.8725
74997,8.768,46.873125
74998,8.72,46.87375
74999,8.689,46.874375
75000,8.653,46.875
75001,8.548,46.875625
75002,8.531,46.87625
75003,8.506,46.876875
75004,8.418,46.8775
75005,8.4,46.878125
75006,8.37,46.87875
75007,8.325,46.879375
75008,8.274,46.88
75009,8.245,46.880625
75010,8.21,46.88125
75011,8.141,46.881875
75012,8.117,46.8825
75013,8.083,46.883125
75014,8.034,46.88375
75015,7.976,46.884375
75016,7.928,46.885
75017,7.882,46.885625
75018,7.831,46.88625
75019,7.824,46.886875
75020,7.794,46.8875
75021,7.732,46.888125
75022,7.701,46.88875
75023,7.675,46.889375
75024,7.662,46.89
75025,7.686,46.890625
75026,7.585,46.89125
75027,7.509,46.891875
75028,7.499,46.8925
75029,7.506,46.893125
75030,7.479,46.89375
75031,7.434,46.894375
75032,7.4,46.895
75033,7.391,46.895625
75034,7.389,46.89625
75035,7.389,46.896875
75036,7.365,46.8975
75037,7.318,46.898125
75038,7.272,46.89875
75039,7.319,46.899375
75040,7.303,46.9
75041,7.284,46.900625
75042,7.301,46.90125
75043,7.232,46.901875
75044,7.222,46.9025
75045,7.265,46.903125
75046,7.272,46.90375
75047,7.286,46.904375
75048,7.29,46.905
75049,7.266,46.905625
75050,7.332,46.90625
75051,7.341,46.906875
75052,7.29,46.9075
75053,7.314,46.908125
75054,7.365,46.90875
75055,7.41,46.909375
75056,7.399,46.91
75057,7.483,46.910625
75058,7.548,46.91125
75059,7.577,46.911875
75060,7.724,46.9125
75061,7.802,46.913125
75062,7.847,46.91375
75063,7.905,46.914375
75064,7.977,46.915
75065,8.076,46.915625
75066,8.208,46.91625
75067,8.283,46.916875
75068,8.358,46.9175
75069,8.449,46.918125
75070,8.609,46.91875
75071,8.721,46.919375
75072,8.786,46.92
75073,8.796,46.920625
75074,8.895,46.92125
75075,9.064,46.921875
75076,9.254,46.9225
75077,9.275,46.923125
75078,9.346,46.92375
75079,9.418,46.924375
75080,9.459,46.925
75081,9.421,46.925625
75082,9.435,46.92625
75083,9.484,46.926875
75084,9.389,46.9275
75085,9.32,46.928125
75086,9.276,46.92875
75087,9.262,46.929375
75088,9.27,46.93
75089,9.249,46.930625
75090,9.197,46.93125
75091,9.18,46.931875
75092,9.136,46.9325
75093,9.069,46.933125
75094,8.977,46.93375
75095,8.952,46.934375
75096,8.93,46.935
75097,8.899,46.935625
75098,8.957,46.93625
75099,8.95,46.936875
75100,8.907,46.9375
75101,8.866,46.938125
75102,8.892,46.93875
75103,8.923,46.939375
75104,8.94,46.94
75105,8.926,46.940625
75106,8.945,46.94125
75107,8.98,46.941875
75108,8.986,46.9425
75109,9.043,46.943125
75110,9.13,46.94375
75111,9.242,46.944375
75112,9.24,46.945
75113,9.267,46.945625
75114,9.318,46.94625
75115,9.348,46.946875
75116,9.392,46.9475
75117,9.449,46.948125
75118,9.528,46.94875
75119,9.593,46.949375
75120,9.633,46.95
75121,9.651,46.950625
75122,9.671,46.95125
75123,9.73,46.951875
75124,9.777,46.9525
75125,9.756,46.953125
75126,9.799,46.95375
75127,9.826,46.954375
75128,9.823,46.955
75129,9.782,46.955625
75130,9.768,46.95625
75131,9.773,46.956875
75132,9.79,46.9575
75133,9.752,46.958125
75134,9.7,46.95875
75135,9.642,46.959375
75136,9.577,46.96
75137,9.532,46.960625
75138,9.497,46.96125
75139,9.46,46.961875
75140,9.419,46.9625
75141,9.357,46.963125
75142,9.262,46.96375
75143,9.187,46.964375
75144,9.124,46.965
75145,9.057,46.965625
75146,8.931,46.96625
75147,8.868,46.966875
75148,8.816,46.9675
75149,8.752,46.968125
75150,8.723,46.96875
75151,8.682,46.969375
75152,8.628,46.97
75153,8.553,46.970625
75154,8.506,46.97125
75155,8.443,46.971875
75156,8.328,46.9725
75157,8.311,46.973125
75158,8.277,46.97375
75159,8.212,46.974375
75160,8.106,46.975
75161,8.026,46.975625
75162,7.942,46.97625
75163,7.816,46.976875
75164,7.738,46.9775
75165,7.652,46.978125
75166,7.547,46.97875
75167,7.384,46.979375
75168,7.269,46.98
75169,7.171,46.980625
75170,7.046,46.98125
75171,6.877,46.981875
75172,6.729,46.9825
75173,6.62,46.983125
75174,6.491,46.98375
75175,6.328,46.984375
75176,6.163,46.985
75177,6.071,46.985625
75178,5.92,46.98625
75179,5.761,46.986875
75180,5.615,46.9875
75181,5.429,46.988125
75182,5.242,46.98875
75183,5.071,46.989375
75184,4.982,46.99
75185,4.884,46.990625
75186,4.768,46.99125
75187,4.625,46.991875
75188,4.479,46.9925
75189,4.419,46.993125
75190,4.43,46.99375
75191,4.396,46.994375
75192,4.303,46.995
75193,4.222,46.995625
75194,4.219,46.99625
75195,4.157,46.996875
75196,4.124,46.9975
75197,4.131,46.998125
75198,4.176,46.99875
75199,4.227,46.999375
75200,4.288,47.0
75201,4.366,47.000625
75202,4.382,47.00125
75203,4.442,47.001875
75204,4.561,47.0025
75205,4.608,47.003125
75206,4.647,47.00375
75207,4.702,47.004375
75208,4.824,47.005
75209,4.907,47.005625
75210,4.982,47.00625
75211,5.057,47.006875
75212,5.053,47.0075
75213,5.107,47.008125
75214,5.191,47.00875
75215,5.246,47.009375
75216,5.204,47.01
75217,5.204,47.010625
75218,5.316,47.01125
75219,5.29,47.011875
75220,5.273,47.0125
75221,5.267,47.013125
75222,5.263,47.01375
75223,5.232,47.014375
75224,5.202,47.015
75225,5.191,47.015625
75226,5.156,47.01625
75227,5.133,47.016875
75228,5.113,47.0175
75229,5.014,47.018125
75230,5.009,47.01875
75231,5.019,47.019375
75232,4.971,47.02
75233,4.869,47.020625
75234,4.829,47.02125
75235,4.858,47.021875
75236,4.82,47.0225
75237,4.819,47.023125
75238,4.831,47.02375
75239,4.827,47.024375
75240,4.83,47.025
75241,4.828,47.025625
75242,4.822,47.02625
75243,4.839,47.026875
75244,4.918,47.0275
75245,5.013,47.028125
75246,5.034,47.02875
75247,5.101,47.029375
75248,5.178,47.03
75249,5.252,47.030625
75250,5.381,47.03125
75251,5.531,47.031875
75252,5.686,47.0325
75253,5.805,47.033125
75254,5.895,47.03375
75255,5.981,47.034375
75256,6.072,47.035
75257,6.154,47.035625
75258,6.238,47.03625
75259,6.316,47.036875
75260,6.35,47.0375
75261,6.391,47.038125
75262,6.405,47.03875
75263,6.354,47.039375
75264,6.346,47.04
75265,6.289,47.040625
75266,6.185,47.04125
75267,6.12,47.041875
75268,6.013,47.0425
75269,5.883,47.043125
75270,5.74,47.04375
75271,5.645,47.044375
75272,5.488,47.045
75273,5.26,47.045625
75274,5.134,47.04625
75275,4.984,47.046875
75276,4.809,47.0475
75277,4.598,47.048125
75278,4.43,47.04875
75279,4.287,47.049375
75280,4.168,47.05
75281,4.025,47.050625
75282,3.922,47.05125
75283,3.843,47.051875
75284,3.761,47.0525
75285,3.696,47.053125
75286,3.637,47.05375
75287,3.583,47.054375
75288,3.598,47.055
75289,3.643,47.055625
75290,3.692,47.05625
75291,3.661,47.056875
75292,3.697,47.0575
75293,3.749,47.058125
75294,3.79,47.05875
75295,3.889,47.059375
75296,3.934,47.06
75297,3.946,47.060625
75298,4.062,47.06125
75299,4.182,47.061875
75300,4.291,47.0625
75301,4.369,47.063125
75302,4.466,47.06375
75303,4.563,47.064375
75304,4.641,47.065
75305,4.542,47.065625
75306,4.483,47.06625
75307,4.461,47.066875
75308,4.488,47.0675
75309,4.43,47.068125
75310,4.351,47.06875
75311,4.263,47.069375
75312,4.199,47.07
75313,4.119,47.070625
75314,4.022,47.07125
75315,3.9,47.071875
75316,3.797,47.0725
75317,3.711,47.073125
75318,3.643,47.07375
75319,3.538,47.074375
75320,3.412,47.075
75321,3.293,47.075625
75322,3.263,47.07625
75323,3.157,47.076875
75324,3.037,47.0775
75325,2.924,47.078125
75326,2.911,47.07875
75327,2.916,47.079375
75328,2.932,47.08
75329,2.942,47.080625
75330,2.985,47.08125
75331,3.057,47.081875
75332,3.163,47.0825
75333,3.398,47.083125
75334,3.609,47.08375
75335,3.8,47.084375
75336,4.072,47.085
75337,4.378,47.085625
75338,4.706,47.08625
75339,5.052,47.086875
75340,5.43,47.0875
75341,5.799,47.088125
75342,6.163,47.08875
75343,6.605,47.089375
75344,7.063,47.09
75345,7.515,47.090625
75346,7.926,47.09125
75347,8.32,47.091875
75348,8.712,47.0925
75349,9.101,47.093125
75350,9.437,47.09375
75351,9.746,47.094375
75352,10.035,47.095
75353,10.311,47.095625
75354,10.453,47.09625
75355,10.563,47.096875
75356,10.668,47.0975
75357,10.621,47.098125
75358,10.517,47.09875
75359,10.37,47.099375
75360,10.203,47.1
75361,9.939,47.100625
75362,9.626,47.10125
75363,9.275,47.101875
75364,8.834,47.1025
75365,8.396,47.103125
75366,7.957,47.10375
75367,7.474,47.104375
75368,6.916,47.105
75369,6.364,47.105625
75370,5.881,47.10625
75371,5.342,47.106875
75372,4.838,47.1075
75373,4.303,47.108125
75374,3.167,47.10875
75375,2.158,47.109375
75376,1.272,47.11
75377,0.551,47.110625
75378,0.126,47.11125
75379,-0.102,47.111875
75380,-0.141,47.1125
75381,0.057,47.113125
75382,0.381,47.11375
75383,0.747,47.114375
75384,1.036,47.115
75385,1.239,47.115625
75386,1.428,47.11625
75387,1.613,47.116875
75388,1.586,47.1175
75389,1.613,47.118125
75390,1.67,47.11875
75391,1.711,47.119375
75392,1.703,47.12
75393,1.649,47.120625
75394,1.543,47.12125
75395,1.626,47.121875
75396,1.675,47.1225
75397,1.693,47.123125
75398,1.679,47.12375
75399,1.761,47.124375
75400,1.913,47.125
75401,2.138,47.125625
75402,2.427,47.12625
75403,2.835,47.126875
75404,3.346,47.1275
75405,3.89,47.128125
75406,4.233,47.12875
75407,4.499,47.129375
75408,4.768,47.13
75409,5.062,47.130625
75410,5.31,47.13125
75411,5.502,47.131875
75412,5.611,47.1325
75413,5.736,47.133125
75414,5.859,47.13375
75415,5.958,47.134375
75416,6.048,47.135
75417,6.135,47.135625
75418,6.224,47.13625
75419,6.394,47.136875
75420,6.558,47.1375
75421,6.738,47.138125
75422,6.987,47.13875
75423,7.215,47.139375
75424,7.437,47.14
75425,7.656,47.140625
75426,7.986,47.14125
75427,8.304,47.141875
75428,8.598,47.1425
75429,8.829,47.143125
75430,9.031,47.14375
75431,9.252,47.144375
75432,9.517,47.145
75433,9.696,47.145625
75434,9.921,47.14625
75435,10.179,47.146875
75436,10.417,47.1475
75437,10.663,47.148125
75438,10.913,47.14875
75439,11.164,47.149375
75440,11.391,47.15
75441,11.603,47.150625
75442,11.809,47.15125
75443,12.057,47.151875
75444,12.286,47.1525
75445,12.491,47.153125
75446,12.657,47.15375
75447,12.8,47.154375
75448,12.947,47.155
75449,13.103,47.155625
75450,13.246,47.15625
75451,13.393,47.156875
75452,13.536,47.1575
75453,13.662,47.158125
75454,13.756,47.15875
75455,13.837,47.159375
75456,13.9,47.16
75457,13.753,47.160625
75458,13.622,47.16125
75459,13.51,47.161875
75460,13.431,47.1625
75461,13.437,47.163125
75462,13.399,47.16375
75463,13.273,47.164375
75464,13.199,47.165
75465,13.112,47.165625
75466,13.021,47.16625
75467,12.949,47.166875
75468,12.812,47.1675
75469,12.633,47.168125
75470,12.415,47.16875
75471,12.289,47.169375
75472,12.148,47.17
75473,12.017,47.170625
75474,12.037,47.17125
75475,12.083,47.171875
75476,12.1,47.1725
75477,12.043,47.173125
75478,11.866,47.17375
75479,11.724,47.174375
75480,11.616,47.175
75481,11.429,47.175625
75482,11.289,47.17625
75483,11.16,47.176875
75484,11.007,47.1775
75485,10.848,47.178125
75486,10.666,47.17875
75487,10.463,47.179375
75488,10.323,47.18
75489,10.175,47.180625
75490,9.975,47.18125
75491,9.635,47.181875
75492,9.421,47.1825
75493,9.256,47.183125
75494,9.115,47.18375
75495,8.679,47.184375
75496,8.451,47.185
75497,8.333,47.185625
75498,8.156,47.18625
75499,7.908,47.186875
75500,7.69,47.1875
75501,7.543,47.188125
75502,7.337,47.18875
75503,7.143,47.189375
75504,6.956,47.19
75505,6.752,47.190625
75506,6.472,47.19125
75507,6.218,47.191875
75508,6.051,47.1925
75509,5.953,47.193125
75510,5.938,47.19375
75511,5.977,47.194375
75512,5.916,47.195
75513,5.87,47.195625
75514,5.793,47.19625
75515,5.64,47.196875
75516,5.667,47.1975
75517,5.672,47.198125
75518,5.637,47.19875
75519,5.596,47.199375
75520,5.663,47.2
75521,5.774,47.200625
75522,5.872,47.20125
75523,6.0,47.201875
75524,6.195,47.2025
75525,6.456,47.203125
75526,6.657,47.20375
75527,6.844,47.204375
75528,7.008,47.205
75529,7.121,47.205625
75530,7.219,47.20625
75531,7.307,47.206875
75532,7.385,47.2075
75533,7.48,47.208125
75534,7.534,47.20875
75535,7.56,47.209375
75536,7.581,47.21
75537,7.66,47.210625
75538,7.723,47.21125
75539,7.733,47.211875
75540,7.727,47.2125
75541,7.728,47.213125
75542,7.727,47.21375
75543,7.686,47.214375
75544,7.655,47.215
75545,7.659,47.215625
75546,7.72,47.21625
75547,7.727,47.216875
75548,7.743,47.2175
75549,7.768,47.218125
75550,7.782,47.21875
75551,7.798,47.219375
75552,7.822,47.22
75553,7.863,47.220625
75554,7.867,47.22125
75555,7.876,47.221875
75556,7.896,47.2225
75557,7.95,47.223125
75558,7.966,47.22375
75559,7.954,47.224375
75560,7.92,47.225
75561,7.912,47.225625
75562,7.92,47.22625
75563,7.937,47.226875
75564,7.882,47.2275
75565,7.869,47.228125
75566,7.87,47.22875
75567,7.839,47.229375
75568,7.82,47.23
75569,7.813,47.230625
75570,7.819,47.23125
75571,7.751,47.231875
75572,7.705,47.2325
75573,7.683,47.233125
75574,7.693,47.23375
75575,7.631,47.234375
75576,7.595,47.235
75577,7.636,47.235625
75578,7.624,47.23625
75579,7.573,47.236875
75580,7.494,47.2375
75581,7.429,47.238125
75582,7.365,47.23875
75583,7.329,47.239375
75584,7.353,47.24
75585,7.273,47.240625
75586,7.238,47.24125
75587,7.244,47.241875
75588,7.197,47.2425
75589,7.175,47.243125
75590,7.172,47.24375
75591,7.186,47.244375
75592,7.121,47.245
75593,7.119,47.245625
75594,7.192,47.24625
75595,7.196,47.246875
75596,7.183,47.2475
75597,7.161,47.248125
75598,7.134,47.24875
75599,7.173,47.249375
75600,7.194,47.25
75601,7.179,47.250625
75602,7.209,47.25125
75603,7.236,47.251875
75604,7.274,47.2525
75605,7.366,47.253125
75606,7.343,47.25375
75607,7.302,47.254375
75608,7.279,47.255
75609,7.329,47.255625
75610,7.364,47.25625
75611,7.387,47.256875
75612,7.408,47.2575
75613,7.423,47.258125
75614,7.439,47.25875
75615,7.459,47.259375
75616,7.431,47.26
75617,7.432,47.260625
75618,7.459,47.26125
75619,7.486,47.261875
75620,7.491,47.2625
75621,7.493,47.263125
75622,7.507,47.26375
75623,7.511,47.264375
75624,7.542,47.265
75625,7.596,47.265625
75626,7.609,47.26625
75627,7.637,47.266875
75628,7.649,47.2675
75629,7.605,47.268125
75630,7.596,47.26875
75631,7.598,47.269375
75632,7.605,47.27
75633,7.629,47.270625
75634,7.649,47.27125
75635,7.647,47.271875
75636,7.585,47.2725
75637,7.587,47.273125
75638,7.622,47.27375
75639,7.685,47.274375
75640,7.64,47.275
75641,7.656,47.275625
75642,7.685,47.27625
75643,7.614,47.276875
75644,7.648,47.2775
75645,7.68,47.278125
75646,7.667,47.27875
75647,7.666,47.279375
75648,7.672,47.28
75649,7.671,47.280625
75650,7.609,47.28125
75651,7.602,47.281875
75652,7.586,47.2825
75653,7.522,47.283125
75654,7.495,47.28375
75655,7.49,47.284375
75656,7.502,47.285
75657,7.525,47.285625
75658,7.527,47.28625
75659,7.506,47.286875
75660,7.451,47.2875
75661,7.443,47.288125
75662,7.413,47.28875
75663,7.36,47.289375
75664,7.36,47.29
75665,7.337,47.290625
75666,7.305,47.29125
75667,7.282,47.291875
75668,7.237,47.2925
75669,7.207,47.293125
75670,7.194,47.29375
75671,7.14,47.294375
75672,7.116,47.295
75673,7.105,47.295625
75674,7.081,47.29625
75675,7.027,47.296875
75676,7.007,47.2975
75677,7.043,47.298125
75678,6.951,47.29875
75679,6.91,47.299375
75680,6.89,47.3
75681,6.812,47.300625
75682,6.797,47.30125
75683,6.801,47.301875
75684,6.804,47.3025
75685,6.824,47.303125
75686,6.816,47.30375
75687,6.785,47.304375
75688,6.755,47.305
75689,6.704,47.305625
75690,6.668,47.30625
75691,6.675,47.306875
75692,6.643,47.3075
75693,6.615,47.308125
75694,6.595,47.30875
75695,6.609,47.309375
75696,6.572,47.31
75697,6.53,47.310625
75698,6.527,47.31125
75699,6.448,47.311875
75700,6.43,47.3125
75701,6.481,47.313125
75702,6.447,47.31375
75703,6.442,47.314375
75704,6.434,47.315
75705,6.373,47.315625
75706,6.364,47.31625
75707,6.346,47.316875
75708,6.305,47.3175
75709,6.271,47.318125
75710,6.254,47.31875
75711,6.243,47.319375
75712,6.216,47.32
75713,6.191,47.320625
75714,6.158,47.32125
75715,6.11,47.321875
75716,6.063,47.3225
75717,6.025,47.323125
75718,5.99,47.32375
75719,5.936,47.324375
75720,5.921,47.325
75721,5.907,47.325625
75722,5.877,47.32625
75723,5.862,47.326875
75724,5.813,47.3275
75725,5.748,47.328125
75726,5.758,47.32875
75727,5.773,47.329375
75728,5.806,47.33
75729,5.874,47.330625
75730,5.874,47.33125
75731,5.874,47.331875
75732,5.887,47.3325
75733,5.959,47.333125
75734,6.016,47.33375
75735,6.05,47.334375
75736,6.039,47.335
75737,6.083,47.335625
75738,6.155,47.33625
75739,6.248,47.336875
75740,6.309,47.3375
75741,6.361,47.338125
75742,6.388,47.33875
75743,6.351,47.339375
75744,6.376,47.34
75745,6.384,47.340625
75746,6.355,47.34125
75747,6.399,47.341875
75748,6.379,47.3425
75749,6.325,47.343125
75750,6.302,47.34375
75751,6.267,47.344375
75752,6.208,47.345
75753,6.116,47.345625
75754,6.091,47.34625
75755,6.036,47.346875
75756,5.964,47.3475
75757,5.923,47.348125
75758,5.859,47.34875
75759,5.807,47.349375
75760,5.79,47.35
75761,5.699,47.350625
75762,5.673,47.35125
75763,5.694,47.351875
75764,5.626,47.3525
75765,5.59,47.353125
75766,5.561,47.35375
75767,5.52,47.354375
75768,5.547,47.355
75769,5.53,47.355625
75770,5.467,47.35625
75771,5.45,47.356875
75772,5.479,47.3575
75773,5.509,47.358125
75774,5.482,47.35875
75775,5.478,47.359375
75776,5.489,47.36
75777,5.509,47.360625
75778,5.458,47.36125
75779,5.468,47.361875
75780,5.508,47.3625
75781,5.535,47.363125
75782,5.537,47.36375
75783,5.515,47.364375
75784,5.468,47.365
75785,5.448,47.365625
75786,5.442,47.36625
75787,5.444,47.366875
75788,5.444,47.3675
75789,5.431,47.368125
75790,5.411,47.36875
75791,5.388,47.369375
75792,5.344,47.37
75793,5.298,47.370625
75794,5.262,47.37125
75795,5.289,47.371875
75796,5.253,47.3725
75797,5.193,47.373125
75798,5.128,47.37375
75799,5.06,47.374375
75800,5.024,47.375
75801,5.019,47.375625
75802,5.026,47.37625
75803,4.992,47.376875
75804,4.949,47.3775
75805,4.925,47.378125
75806,4.889,47.37875
75807,4.855,47.379375
75808,4.82,47.38
75809,4.728,47.380625
75810,4.727,47.38125
75811,4.748,47.381875
75812,4.704,47.3825
75813,4.625,47.383125
75814,4.57,47.38375
75815,4.553,47.384375
75816,4.533,47.385
75817,4.493,47.385625
75818,4.443,47.38625
75819,4.399,47.386875
75820,4.369,47.3875
75821,4.339,47.388125
75822,4.305,47.38875
75823,4.305,47.389375
75824,4.311,47.39
75825,4.309,47.390625
75826,4.255,47.39125
75827,4.216,47.391875
75828,4.177,47.3925
75829,4.13,47.393125
75830,4.154,47.39375
75831,4.158,47.394375
75832,4.134,47.395
75833,4.046,47.395625
75834,3.985,47.39625
75835,3.949,47.396875
75836,3.946,47.3975
75837,3.949,47.398125
75838,3.916,47.39875
75839,3.85,47.399375
75840,3.802,47.4
75841,3.712,47.400625
75842,3.625,47.40125
75843,3.591,47.401875
75844,3.524,47.4025
75845,3.46,47.403125
75846,3.408,47.40375
75847,3.395,47.404375
75848,3.37,47.405
75849,3.325,47.405625
75850,3.237,47.40625
75851,3.171,47.406875
75852,3.101,47.4075
75853,3.022,47.408125
75854,3.046,47.40875
75855,2.973,47.409375
75856,2.865,47.41
75857,2.852,47.410625
75858,2.805,47.41125
75859,2.758,47.411875
75860,2.72,47.4125
75861,2.596,47.413125
75862,2.523,47.41375
75863,2.486,47.414375
75864,2.435,47.415
75865,2.376,47.415625
75866,2.316,47.41625
75867,2.258,47.416875
75868,2.149,47.4175
75869,2.073,47.418125
75870,2.028,47.41875
75871,1.974,47.419375
75872,1.934,47.42
75873,1.889,47.420625
75874,1.821,47.42125
75875,1.759,47.421875
75876,1.717,47.4225
75877,1.692,47.423125
75878,1.658,47.42375
75879,1.624,47.424375
75880,1.612,47.425
75881,1.66,47.425625
75882,1.619,47.42625
75883,1.576,47.426875
75884,1.548,47.4275
75885,1.568,47.428125
75886,1.49,47.42875
75887,1.38,47.429375
75888,1.342,47.43
75889,1.319,47.430625
75890,1.313,47.43125
75891,1.326,47.431875
75892,1.319,47.4325
75893,1.321,47.433125
75894,1.327,47.43375
75895,1.33,47.434375
75896,1.38,47.435
75897,1.423,47.435625
75898,1.436,47.43625
75899,1.45,47.436875
75900,1.5,47.4375
75901,1.565,47.438125
75902,1.562,47.43875
75903,1.581,47.439375
75904,1.595,47.44
75905,1.581,47.440625
75906,1.647,47.44125
75907,1.661,47.441875
75908,1.636,47.4425
75909,1.704,47.443125
75910,1.712,47.44375
75911,1.713,47.444375
75912,1.758,47.445
75913,1.787,47.445625
75914,1.79,47.44625
75915,1.776,47.446875
75916,1.823,47.4475
75917,1.834,47.448125
75918,1.844,47.44875
75919,1.902,47.449375
75920,1.884,47.45
75921,1.857,47.450625
75922,1.835,47.45125
75923,1.852,47.451875
75924,1.851,47.4525
75925,1.825,47.453125
75926,1.744,47.45375
75927,1.743,47.454375
75928,1.762,47.455
75929,1.786,47.455625
75930,1.749,47.45625
75931,1.721,47.456875
75932,1.707,47.4575
75933,1.721,47.458125
75934,1.681,47.45875
75935,1.66,47.459375
75936,1.694,47.46
75937,1.649,47.460625
75938,1.651,47.46125
75939,1.685,47.461875
75940,1.678,47.4625
75941,1.724,47.463125
75942,1.774,47.46375
75943,1.794,47.464375
75944,1.793,47.465
75945,1.812,47.465625
75946,1.852,47.46625
75947,1.886,47.466875
75948,1.949,47.4675
75949,2.019,47.468125
75950,2.081,47.46875
75951,2.106,47.469375
75952,2.112,47.47
75953,2.102,47.470625
75954,2.106,47.47125
75955,2.168,47.471875
75956,2.234,47.4725
75957,2.228,47.473125
75958,2.261,47.47375
75959,2.294,47.474375
75960,2.32,47.475
75961,2.388,47.475625
75962,2.43,47.47625
75963,2.462,47.476875
75964,2.509,47.4775
75965,2.538,47.478125
75966,2.589,47.47875
75967,2.681,47.479375
75968,2.769,47.48
75969,2.865,47.480625
75970,2.958,47.48125
75971,3.006,47.481875
75972,3.019,47.4825
75973,3.053,47.483125
75974,3.142,47.48375
75975,3.191,47.484375
75976,3.23,47.485
75977,3.264,47.485625
75978,3.322,47.48625
75979,3.355,47.486875
75980,3.398,47.4875
75981,3.483,47.488125
75982,3.522,47.48875
75983,3.535,47.489375
75984,3.532,47.49
75985,3.566,47.490625
75986,3.586,47.49125
75987,3.608,47.491875
75988,3.648,47.4925
75989,3.576,47.493125
75990,3.491,47.49375
75991,3.413,47.494375
75992,3.389,47.495
75993,3.381,47.495625
75994,3.343,47.49625
75995,3.187,47.496875
75996,3.166,47.4975
75997,3.128,47.498125
75998,3.031,47.49875
75999,3.028,47.499375
76000,2.985,47.5
76001,2.909,47.500625
76002,2.804,47.50125
76003,2.739,47.501875
76004,2.674,47.5025
76005,2.592,47.503125
76006,2.531,47.50375
76007,2.504,47.504375
76008,2.493,47.505
76009,2.421,47.505625
76010,2.409,47.50625
76011,2.432,47.506875
76012,2.487,47.5075
76013,2.535,47.508125
76014,2.541,47.50875
76015,2.534,47.509375
76016,2.701,47.51
76017,2.817,47.510625
76018,2.869,47.51125
76019,2.825,47.511875
76020,2.949,47.5125
76021,3.011,47.513125
76022,2.994,47.51375
76023,3.011,47.514375
76024,2.987,47.515
76025,2.984,47.515625
76026,3.097,47.51625
76027,3.148,47.516875
76028,3.148,47.5175
76029,3.099,47.518125
76030,3.011,47.51875
76031,2.965,47.519375
76032,2.971,47.52
76033,3.062,47.520625
76034,3.006,47.52125
76035,2.933,47.521875
76036,2.882,47.5225
76037,2.814,47.523125
76038,2.838,47.52375
76039,2.894,47.524375
76040,2.826,47.525
76041,2.758,47.525625
76042,2.723,47.52625
76043,2.743,47.526875
76044,2.734,47.5275
76045,2.767,47.528125
76046,2.829,47.52875
76047,2.853,47.529375
76048,2.851,47.53
76049,2.867,47.530625
76050,2.935,47.53125
76051,2.997,47.531875
76052,3.081,47.5325
76053,3.193,47.533125
76054,3.36,47.53375
76055,3.483,47.534375
76056,3.595,47.535
76057,3.721,47.535625
76058,3.822,47.53625
76059,3.936,47.536875
76060,4.064,47.5375
76061,4.183,47.538125
76062,4.298,47.53875
76063,4.394,47.539375
76064,4.445,47.54
76065,4.525,47.540625
76066,4.604,47.54125
76067,4.675,47.541875
76068,4.723,47.5425
76069,4.781,47.543125
76070,4.822,47.54375
76071,4.778,47.544375
76072,4.819,47.545
76073,4.854,47.545625
76074,4.851,47.54625
76075,4.854,47.546875
76076,4.875,47.5475
76077,4.9,47.548125
76078,4.879,47.54875
76079,4.885,47.549375
76080,4.895,47.55
76081,4.898,47.550625
76082,4.915,47.55125
76083,4.96,47.551875
76084,5.019,47.5525
76085,5.026,47.553125
76086,5.09,47.55375
76087,5.165,47.554375
76088,5.22,47.555
76089,5.23,47.555625
76090,5.277,47.55625
76091,5.357,47.556875
76092,5.395,47.5575
76093,5.474,47.558125
76094,5.578,47.55875
76095,5.693,47.559375
76096,5.738,47.56
76097,5.805,47.560625
76098,5.915,47.56125
76099,6.099,47.561875
76100,6.247,47.5625
76101,6.389,47.563125
76102,6.569,47.56375
76103,6.69,47.564375
76104,6.781,47.565
76105,6.849,47.565625
76106,6.931,47.56625
76107,7.025,47.566875
76108,7.111,47.5675
76109,7.135,47.568125
76110,7.183,47.56875
76111,7.241,47.569375
76112,7.306,47.57
76113,7.307,47.570625
76114,7.317,47.57125
76115,7.357,47.571875
76116,7.514,47.5725
76117,7.642,47.573125
76118,7.738,47.57375
76119,7.792,47.574375
76120,7.93,47.575
76121,8.11,47.575625
76122,8.306,47.57625
76123,8.401,47.576875
76124,8.535,47.5775
76125,8.699,47.578125
76126,8.893,47.57875
76127,8.994,47.579375
76128,9.096,47.58
76129,9.204,47.580625
76130,9.265,47.58125
76131,9.317,47.581875
76132,9.4,47.5825
76133,9.577,47.583125
76134,9.713,47.58375
76135,9.733,47.584375
76136,9.635,47.585
76137,9.737,47.585625
76138,9.869,47.58625
76139,10.012,47.586875
76140,10.131,47.5875
76141,10.303,47.588125
76142,10.488,47.58875
76143,10.675,47.589375
76144,10.801,47.59
76145,10.976,47.590625
76146,11.168,47.59125
76147,11.297,47.591875
76148,11.37,47.5925
76149,11.458,47.593125
76150,11.594,47.59375
76151,11.637,47.594375
76152,11.657,47.595
76153,11.676,47.595625
76154,11.778,47.59625
76155,11.844,47.596875
76156,11.896,47.5975
76157,11.944,47.598125
76158,12.125,47.59875
76159,12.262,47.599375
76160,12.346,47.6
76161,12.401,47.600625
76162,12.407,47.60125
76163,12.402,47.601875
76164,12.419,47.6025
76165,12.47,47.603125
76166,12.554,47.60375
76167,12.664,47.604375
76168,12.701,47.605
76169,12.761,47.605625
76170,12.848,47.60625
76171,12.977,47.606875
76172,13.028,47.6075
76173,13.012,47.608125
76174,12.939,47.60875
76175,13.064,47.609375
76176,13.167,47.61
76177,13.225,47.610625
76178,13.181,47.61125
76179,13.181,47.611875
76180,13.214,47.6125
76181,13.278,47.613125
76182,13.169,47.61375
76183,13.155,47.614375
76184,13.179,47.615
76185,13.084,47.615625
76186,13.063,47.61625
76187,12.997,47.616875
76188,12.82,47.6175
76189,12.814,47.618125
76190,12.776,47.61875
76191,12.715,47.619375
76192,12.698,47.62
76193,12.636,47.620625
76194,12.56,47.62125
76195,12.489,47.621875
76196,12.421,47.6225
76197,12.412,47.623125
76198,12.449,47.62375
76199,12.394,47.624375
76200,12.354,47.625
76201,12.307,47.625625
76202,12.229,47.62625
76203,12.232,47.626875
76204,12.213,47.6275
76205,12.158,47.628125
76206,12.093,47.62875
76207,12.112,47.629375
76208,12.156,47.63
76209,12.149,47.630625
76210,12.091,47.63125
76211,12.052,47.631875
76212,12.051,47.6325
76213,11.993,47.633125
76214,11.986,47.63375
76215,11.993,47.634375
76216,11.938,47.635
76217,11.9,47.635625
76218,11.856,47.63625
76219,11.794,47.636875
76220,11.699,47.6375
76221,11.648,47.638125
76222,11.602,47.63875
76223,11.439,47.639375
76224,11.352,47.64
76225,11.28,47.640625
76226,11.195,47.64125
76227,11.109,47.641875
76228,11.004,47.6425
76229,10.882,47.643125
76230,10.763,47.64375
76231,10.669,47.644375
76232,10.587,47.645
76233,10.512,47.645625
76234,10.403,47.64625
76235,10.298,47.646875
76236,10.203,47.6475
76237,10.142,47.648125
76238,10.059,47.64875
76239,9.977,47.649375
76240,9.919,47.65
76241,9.873,47.650625
76242,9.842,47.65125
76243,9.827,47.651875
76244,9.84,47.6525
76245,9.872,47.653125
76246,9.897,47.65375
76247,9.877,47.654375
76248,9.868,47.655
76249,9.86,47.655625
76250,9.849,47.65625
76251,9.808,47.656875
76252,9.815,47.6575
76253,9.835,47.658125
76254,9.788,47.65875
76255,9.81,47.659375
76256,9.825,47.66
76257,9.798,47.660625
76258,9.714,47.66125
76259,9.703,47.661875
76260,9.731,47.6625
76261,9.68,47.663125
76262,9.668,47.66375
76263,9.667,47.664375
76264,9.663,47.665
76265,9.58,47.665625
76266,9.546,47.66625
76267,9.553,47.666875
76268,9.519,47.6675
76269,9.529,47.668125
76270,9.523,47.66875
76271,9.441,47.669375
76272,9.396,47.67
76273,9.403,47.670625
76274,9.447,47.67125
76275,9.382,47.671875
76276,9.38,47.6725
76277,9.394,47.673125
76278,9.374,47.67375
76279,9.386,47.674375
76280,9.367,47.675
76281,9.306,47.675625
76282,9.252,47.67625
76283,9.228,47.676875
76284,9.226,47.6775
76285,9.243,47.678125
76286,9.207,47.67875
76287,9.179,47.679375
76288,9.179,47.68
76289,9.159,47.680625
76290,9.136,47.68125
76291,9.122,47.681875
76292,9.15,47.6825
76293,9.123,47.683125
76294,9.064,47.68375
76295,8.976,47.684375
76296,9.03,47.685
76297,9.022,47.685625
76298,8.973,47.68625
76299,8.973,47.686875
76300,8.895,47.6875
76301,8.844,47.688125
76302,8.898,47.68875
76303,8.864,47.689375
76304,8.858,47.69
76305,8.875,47.690625
76306,8.814,47.69125
76307,8.782,47.691875
76308,8.772,47.6925
76309,8.785,47.693125
76310,8.799,47.69375
76311,8.837,47.694375
76312,8.9,47.695
76313,8.937,47.695625
76314,8.947,47.69625
76315,8.949,47.696875
76316,8.966,47.6975
76317,8.995,47.698125
76318,8.99,47.69875
76319,8.946,47.699375
76320,8.987,47.7
76321,8.964,47.700625
76322,8.917,47.70125
76323,8.92,47.701875
76324,8.863,47.7025
76325,8.794,47.703125
76326,8.729,47.70375
76327,8.825,47.704375
76328,8.847,47.705
76329,8.838,47.705625
76330,8.906,47.70625
76331,8.921,47.706875
76332,8.909,47.7075
76333,8.879,47.708125
76334,8.845,47.70875
76335,8.771,47.709375
76336,8.679,47.71
76337,8.666,47.710625
76338,8.637,47.71125
76339,8.628,47.711875
76340,8.669,47.7125
76341,8.596,47.713125
76342,8.567,47.71375
76343,8.588,47.714375
76344,8.608,47.715
76345,8.555,47.715625
76346,8.492,47.71625
76347,8.481,47.716875
76348,8.405,47.7175
76349,8.257,47.718125
76350,8.049,47.71875
76351,7.981,47.719375
76352,7.864,47.72
76353,7.711,47.720625
76354,7.527,47.72125
76355,7.412,47.721875
76356,7.285,47.7225
76357,7.126,47.723125
76358,6.976,47.72375
76359,6.835,47.724375
76360,6.698,47.725
76361,6.558,47.725625
76362,6.474,47.72625
76363,6.392,47.726875
76364,6.293,47.7275
76365,6.198,47.728125
76366,6.063,47.72875
76367,5.917,47.729375
76368,5.856,47.73
76369,5.797,47.730625
76370,5.707,47.73125
76371,5.557,47.731875
76372,5.517,47.7325
76373,5.446,47.733125
76374,5.348,47.73375
76375,5.273,47.734375
76376,5.223,47.735
76377,5.185,47.735625
76378,5.15,47.73625
76379,5.113,47.736875
76380,5.083,47.7375
76381,5.055,47.738125
76382,4.99,47.73875
76383,4.93,47.739375
76384,4.879,47.74
76385,4.845,47.740625
76386,4.871,47.74125
76387,4.851,47.741875
76388,4.778,47.7425
76389,4.846,47.743125
76390,4.881,47.74375
76391,4.884,47.744375
76392,4.843,47.745
76393,4.91,47.745625
76394,4.964,47.74625
76395,4.97,47.746875
76396,4.977,47.7475
76397,4.965,47.748125
76398,4.935,47.74875
76399,4.881,47.749375
76400,4.84,47.75
76401,4.875,47.750625
76402,5.025,47.75125
76403,5.091,47.751875
76404,5.146,47.7525
76405,5.184,47.753125
76406,5.174,47.75375
76407,5.148,47.754375
76408,5.107,47.755
76409,5.046,47.755625
76410,5.045,47.75625
76411,5.042,47.756875
76412,5.023,47.7575
76413,4.945,47.758125
76414,4.905,47.75875
76415,4.875,47.759375
76416,4.831,47.76
76417,4.796,47.760625
76418,4.796,47.76125
76419,4.813,47.761875
76420,4.66,47.7625
76421,4.611,47.763125
76422,4.586,47.76375
76423,4.494,47.764375
76424,4.535,47.765
76425,4.61,47.765625
76426,4.698,47.76625
76427,4.705,47.766875
76428,4.72,47.7675
76429,4.723,47.768125
76430,4.669,47.76875
76431,4.586,47.769375
76432,4.506,47.77
76433,4.438,47.770625
76434,4.384,47.77125
76435,4.268,47.771875
76436,4.121,47.7725
76437,4.012,47.773125
76438,3.909,47.77375
76439,3.806,47.774375
76440,3.704,47.775
76441,3.649,47.775625
76442,3.567,47.77625
76443,3.47,47.776875
76444,3.395,47.7775
76445,3.317,47.778125
76446,3.216,47.77875
76447,3.07,47.779375
76448,2.996,47.78
76449,2.911,47.780625
76450,2.816,47.78125
76451,2.779,47.781875
76452,2.698,47.7825
76453,2.607,47.783125
76454,2.536,47.78375
76455,2.492,47.784375
76456,2.464,47.785
76457,2.451,47.785625
76458,2.437,47.78625
76459,2.433,47.786875
76460,2.447,47.7875
76461,2.501,47.788125
76462,2.506,47.78875
76463,2.475,47.789375
76464,2.415,47.79
76465,2.459,47.790625
76466,2.476,47.79125
76467,2.478,47.791875
76468,2.488,47.7925
76469,2.457,47.793125
76470,2.431,47.79375
76471,2.428,47.794375
76472,2.448,47.795
76473,2.43,47.795625
76474,2.391,47.79625
76475,2.374,47.796875
76476,2.339,47.7975
76477,2.286,47.798125
76478,2.215,47.79875
76479,2.242,47.799375
76480,2.237,47.8
76481,2.211,47.800625
76482,2.239,47.80125
76483,2.191,47.801875
76484,2.094,47.8025
76485,1.955,47.803125
76486,1.963,47.80375
76487,1.929,47.804375
76488,1.852,47.805
76489,1.846,47.805625
76490,1.829,47.80625
76491,1.789,47.806875
76492,1.701,47.8075
76493,1.567,47.808125
76494,1.452,47.80875
76495,1.37,47.809375
76496,1.38,47.81
76497,1.352,47.810625
76498,1.305,47.81125
76499,1.257,47.811875
76500,1.221,47.8125
76501,1.223,47.813125
76502,1.267,47.81375
76503,1.199,47.814375
76504,1.154,47.815
76505,1.124,47.815625
76506,1.097,47.81625
76507,1.075,47.816875
76508,1.063,47.8175
76509,1.063,47.818125
76510,1.073,47.81875
76511,1.166,47.819375
76512,1.306,47.82
76513,1.381,47.820625
76514,1.409,47.82125
76515,1.406,47.821875
76516,1.376,47.8225
76517,1.345,47.823125
76518,1.337,47.82375
76519,1.34,47.824375
76520,1.303,47.825
76521,1.288,47.825625
76522,1.276,47.82625
76523,1.252,47.826875
76524,1.191,47.8275
76525,1.178,47.828125
76526,1.205,47.82875
76527,1.137,47.829375
76528,1.132,47.83
76529,1.172,47.830625
76530,1.254,47.83125
76531,1.347,47.831875
76532,1.414,47.8325
76533,1.444,47.833125
76534,1.414,47.83375
76535,1.463,47.834375
76536,1.548,47.835
76537,1.613,47.835625
76538,1.808,47.83625
76539,1.99,47.836875
76540,2.118,47.8375
76541,2.21,47.838125
76542,2.287,47.83875
76543,2.335,47.839375
76544,2.301,47.84
76545,2.396,47.840625
76546,2.466,47.84125
76547,2.443,47.841875
76548,2.342,47.8425
76549,2.275,47.843125
76550,2.229,47.84375
76551,2.158,47.844375
76552,2.148,47.845
76553,2.141,47.845625
76554,2.1,47.84625
76555,2.113,47.846875
76556,2.061,47.8475
76557,1.962,47.848125
76558,1.948,47.84875
76559,1.91,47.849375
76560,1.837,47.85
76561,1.708,47.850625
76562,1.655,47.85125
76563,1.556,47.851875
76564,1.408,47.8525
76565,1.353,47.853125
76566,1.327,47.85375
76567,1.307,47.854375
76568,1.269,47.855
76569,1.252,47.855625
76570,1.216,47.85625
76571,1.157,47.856875
76572,1.211,47.8575
76573,1.246,47.858125
76574,1.319,47.85875
76575,1.557,47.859375
76576,1.756,47.86
76577,1.724,47.860625
76578,1.384,47.86125
76579,1.408,47.861875
76580,1.648,47.8625
76581,1.9,47.863125
76582,1.597,47.86375
76583,1.554,47.864375
76584,1.622,47.865
76585,1.758,47.865625
76586,1.657,47.86625
76587,1.574,47.866875
76588,1.526,47.8675
76589,1.55,47.868125
76590,1.569,47.86875
76591,1.541,47.869375
76592,1.425,47.87
76593,1.345,47.870625
76594,1.295,47.87125
76595,1.283,47.871875
76596,1.361,47.8725
76597,1.42,47.873125
76598,1.48,47.87375
76599,1.562,47.874375
76600,1.622,47.875
76601,1.657,47.875625
76602,1.668,47.87625
76603,1.692,47.876875
76604,1.727,47.8775
76605,1.759,47.878125
76606,1.766,47.87875
76607,1.755,47.879375
76608,1.767,47.88
76609,1.809,47.880625
76610,1.771,47.88125
76611,1.819,47.881875
76612,1.874,47.8825
76613,1.772,47.883125
76614,1.811,47.88375
76615,1.85,47.884375
76616,1.844,47.885
76617,1.922,47.885625
76618,1.936,47.88625
76619,1.916,47.886875
76620,1.947,47.8875
76621,2.012,47.888125
76622,2.08,47.88875
76623,2.138,47.889375
76624,2.18,47.89
76625,2.222,47.890625
76626,2.264,47.89125
76627,2.287,47.891875
76628,2.261,47.8925
76629,2.228,47.893125
76630,2.218,47.89375
76631,2.23,47.894375
76632,2.257,47.895
76633,2.295,47.895625
76634,2.309,47.89625
76635,2.294,47.896875
76636,2.289,47.8975
76637,2.34,47.898125
76638,2.286,47.89875
76639,2.239,47.899375
76640,2.219,47.9
76641,2.253,47.900625
76642,2.305,47.90125
76643,2.355,47.901875
76644,2.368,47.9025
76645,2.261,47.903125
76646,2.193,47.90375
76647,2.202,47.904375
76648,2.185,47.905
76649,2.198,47.905625
76650,2.224,47.90625
76651,2.234,47.906875
76652,2.261,47.9075
76653,2.278,47.908125
76654,2.275,47.90875
76655,2.116,47.909375
76656,1.994,47.91
76657,1.905,47.910625
76658,1.848,47.91125
76659,1.857,47.911875
76660,1.865,47.9125
76661,1.831,47.913125
76662,1.761,47.91375
76663,1.743,47.914375
76664,1.771,47.915
76665,1.798,47.915625
76666,1.753,47.91625
76667,1.733,47.916875
76668,1.821,47.9175
76669,1.854,47.918125
76670,1.879,47.91875
76671,1.909,47.919375
76672,1.99,47.92
76673,2.051,47.920625
76674,2.089,47.92125
76675,2.092,47.921875
76676,2.211,47.9225
76677,2.339,47.923125
76678,2.451,47.92375
76679,2.437,47.924375
76680,2.433,47.925
76681,2.432,47.925625
76682,2.428,47.92625
76683,2.419,47.926875
76684,2.434,47.9275
76685,2.482,47.928125
76686,2.553,47.92875
76687,2.627,47.929375
76688,2.686,47.93
76689,2.682,47.930625
76690,2.698,47.93125
76691,2.758,47.931875
76692,2.88,47.9325
76693,2.956,47.933125
76694,2.994,47.93375
76695,3.015,47.934375
76696,3.093,47.935
76697,3.141,47.935625
76698,3.182,47.93625
76699,3.229,47.936875
76700,3.242,47.9375
76701,3.247,47.938125
76702,3.257,47.93875
76703,3.338,47.939375
76704,3.366,47.94
76705,3.396,47.940625
76706,3.478,47.94125
76707,3.55,47.941875
76708,3.607,47.9425
76709,3.645,47.943125
76710,3.662,47.94375
76711,3.689,47.944375
76712,3.724,47.945
76713,3.771,47.945625
76714,3.81,47.94625
76715,3.834,47.946875
76716,3.842,47.9475
76717,3.879,47.948125
76718,3.904,47.94875
76719,3.937,47.949375
76720,4.022,47.95
76721,4.087,47.950625
76722,4.112,47.95125
76723,4.085,47.951875
76724,4.146,47.9525
76725,4.165,47.953125
76726,4.157,47.95375
76727,4.16,47.954375
76728,4.188,47.955
76729,4.21,47.955625
76730,4.214,47.95625
76731,4.27,47.956875
76732,4.286,47.9575
76733,4.279,47.958125
76734,4.326,47.95875
76735,4.28,47.959375
76736,4.247,47.96
76737,4.301,47.960625
76738,4.289,47.96125
76739,4.315,47.961875
76740,4.38,47.9625
76741,4.455,47.963125
76742,4.46,47.96375
76743,4.468,47.964375
76744,4.55,47.965
76745,4.546,47.965625
76746,4.515,47.96625
76747,4.466,47.966875
76748,4.449,47.9675
76749,4.412,47.968125
76750,4.377,47.96875
76751,4.381,47.969375
76752,4.338,47.97
76753,4.282,47.970625
76754,4.224,47.97125
76755,4.255,47.971875
76756,4.217,47.9725
76757,4.139,47.973125
76758,4.061,47.97375
76759,3.947,47.974375
76760,3.857,47.975
76761,3.816,47.975625
76762,3.827,47.97625
76763,3.771,47.976875
76764,3.687,47.9775
76765,3.687,47.978125
76766,3.611,47.97875
76767,3.531,47.979375
76768,3.483,47.98
76769,3.4,47.980625
76770,3.341,47.98125
76771,3.296,47.981875
76772,3.208,47.9825
76773,3.164,47.983125
76774,3.127,47.98375
76775,3.069,47.984375
76776,3.086,47.985
76777,3.074,47.985625
76778,3.032,47.98625
76779,3.039,47.986875
76780,3.076,47.9875
76781,3.124,47.988125
76782,3.165,47.98875
76783,3.158,47.989375
76784,3.16,47.99
76785,3.183,47.990625
76786,3.23,47.99125
76787,3.251,47.991875
76788,3.262,47.9925
76789,3.286,47.993125
76790,3.31,47.99375
76791,3.333,47.994375
76792,3.357,47.995
76793,3.36,47.995625
76794,3.361,47.99625
76795,3.365,47.996875
76796,3.382,47.9975
76797,3.399,47.998125
76798,3.389,47.99875
76799,3.338,47.999375
76800,3.351,48.0
76801,3.355,48.000625
76802,3.348,48.00125
76803,3.324,48.001875
76804,3.305,48.0025
76805,3.276,48.003125
76806,3.225,48.00375
76807,3.248,48.004375
76808,3.235,48.005
76809,3.196,48.005625
76810,3.213,48.00625
76811,3.149,48.006875
76812,3.101,48.0075
76813,3.155,48.008125
76814,3.213,48.00875
76815,3.296,48.009375
76816,3.4,48.01
76817,3.458,48.010625
76818,3.509,48.01125
76819,3.555,48.011875
76820,3.596,48.0125
76821,3.648,48.013125
76822,3.692,48.01375
76823,3.724,48.014375
76824,3.782,48.015
76825,3.795,48.015625
76826,3.804,48.01625
76827,3.872,48.016875
76828,3.9,48.0175
76829,3.924,48.018125
76830,3.951,48.01875
76831,3.978,48.019375
76832,3.941,48.02
76833,3.879,48.020625
76834,3.883,48.02125
76835,3.875,48.021875
76836,3.87,48.0225
76837,3.874,48.023125
76838,3.894,48.02375
76839,3.939,48.024375
76840,3.992,48.025
76841,3.982,48.025625
76842,4.013,48.02625
76843,4.037,48.026875
76844,4.023,48.0275
76845,4.112,48.028125
76846,4.169,48.02875
76847,4.189,48.029375
76848,4.178,48.03
76849,4.197,48.030625
76850,4.235,48.03125
76851,4.29,48.031875
76852,4.307,48.0325
76853,4.314,48.033125
76854,4.315,48.03375
76855,4.318,48.034375
76856,4.342,48.035
76857,4.373,48.035625
76858,4.397,48.03625
76859,4.412,48.036875
76860,4.375,48.0375
76861,4.275,48.038125
76862,4.142,48.03875
76863,4.09,48.039375
76864,4.074,48.04
76865,4.03,48.040625
76866,3.997,48.04125
76867,3.981,48.041875
76868,3.984,48.0425
76869,3.943,48.043125
76870,3.884,48.04375
76871,3.819,48.044375
76872,3.781,48.045
76873,3.728,48.045625
76874,3.694,48.04625
76875,3.701,48.046875
76876,3.57,48.0475
76877,3.508,48.048125
76878,3.5,48.04875
76879,3.466,48.049375
76880,3.437,48.05
76881,3.388,48.050625
76882,3.296,48.05125
76883,3.29,48.051875
76884,3.293,48.0525
76885,3.298,48.053125
76886,3.292,48.05375
76887,3.314,48.054375
76888,3.345,48.055
76889,3.368,48.055625
76890,3.401,48.05625
76891,3.365,48.056875
76892,3.264,48.0575
76893,3.301,48.058125
76894,3.266,48.05875
76895,3.194,48.059375
76896,3.119,48.06
76897,3.082,48.060625
76898,3.049,48.06125
76899,3.014,48.061875
76900,2.939,48.0625
76901,2.892,48.063125
76902,2.862,48.06375
76903,2.831,48.064375
76904,2.723,48.065
76905,2.638,48.065625
76906,2.615,48.06625
76907,2.533,48.066875
76908,2.476,48.0675
76909,2.438,48.068125
76910,2.418,48.06875
76911,2.348,48.069375
76912,2.314,48.07
76913,2.368,48.070625
76914,2.302,48.07125
76915,2.279,48.071875
76916,2.285,48.0725
76917,2.228,48.073125
76918,2.207,48.07375
76919,2.187,48.074375
76920,2.139,48.075
76921,2.107,48.075625
76922,2.084,48.07625
76923,2.072,48.076875
76924,2.11,48.0775
76925,2.117,48.078125
76926,2.102,48.07875
76927,2.068,48.079375
76928,2.136,48.08
76929,2.151,48.080625
76930,2.098,48.08125
76931,2.101,48.081875
76932,2.098,48.0825
76933,2.093,48.083125
76934,2.093,48.08375
76935,2.127,48.084375
76936,2.138,48.085
76937,2.112,48.085625
76938,2.136,48.08625
76939,2.156,48.086875
76940,2.173,48.0875
76941,2.194,48.088125
76942,2.176,48.08875
76943,2.172,48.089375
76944,2.202,48.09
76945,2.169,48.090625
76946,2.184,48.09125
76947,2.232,48.091875
76948,2.266,48.0925
76949,2.303,48.093125
76950,2.348,48.09375
76951,2.406,48.094375
76952,2.434,48.095
76953,2.449,48.095625
76954,2.453,48.09625
76955,2.467,48.096875
76956,2.478,48.0975
76957,2.491,48.098125
76958,2.508,48.09875
76959,2.494,48.099375
76960,2.475,48.1
76961,2.467,48.100625
76962,2.575,48.10125
76963,2.589,48.101875
76964,2.577,48.1025
76965,2.614,48.103125
76966,2.575,48.10375
76967,2.558,48.104375
76968,2.581,48.105
76969,2.581,48.105625
76970,2.596,48.10625
76971,2.614,48.106875
76972,2.61,48.1075
76973,2.584,48.108125
76974,2.554,48.10875
76975,2.524,48.109375
76976,2.548,48.11
76977,2.549,48.110625
76978,2.539,48.11125
76979,2.542,48.111875
76980,2.578,48.1125
76981,2.589,48.113125
76982,2.548,48.11375
76983,2.561,48.114375
76984,2.592,48.115
76985,2.634,48.115625
76986,2.664,48.11625
76987,2.687,48.116875
76988,2.716,48.1175
76989,2.76,48.118125
76990,2.776,48.11875
76991,2.838,48.119375
76992,2.928,48.12
76993,2.908,48.120625
76994,2.946,48.12125
76995,3.022,48.121875
76996,3.135,48.1225
76997,3.213,48.123125
76998,3.268,48.12375
76999,3.305,48.124375
77000,3.377,48.125
77001,3.432,48.125625
77002,3.497,48.12625
77003,3.609,48.126875
77004,3.663,48.1275
77005,3.713,48.128125
77006,3.772,48.12875
77007,3.847,48.129375
77008,3.937,48.13
77009,4.013,48.130625
77010,4.013,48.13125
77011,4.06,48.131875
77012,4.095,48.1325
77013,4.099,48.133125
77014,4.13,48.13375
77015,4.156,48.134375
77016,4.185,48.135
77017,4.232,48.135625
77018,4.253,48.13625
77019,4.262,48.136875
77020,4.262,48.1375
77021,4.291,48.138125
77022,4.312,48.13875
77023,4.328,48.139375
77024,4.355,48.14
77025,4.352,48.140625
77026,4.367,48.14125
77027,4.439,48.141875
77028,4.516,48.1425
77029,4.566,48.143125
77030,4.597,48.14375
77031,4.686,48.144375
77032,4.777,48.145
77033,4.842,48.145625
77034,4.845,48.14625
77035,4.897,48.146875
77036,4.976,48.1475
77037,5.074,48.148125
77038,5.111,48.14875
77039,5.135,48.149375
77040,5.173,48.15
77041,5.272,48.150625
77042,5.295,48.15125
77043,5.323,48.151875
77044,5.373,48.1525
77045,5.397,48.153125
77046,5.453,48.15375
77047,5.505,48.154375
77048,5.478,48.155
77049,5.501,48.155625
77050,5.509,48.15625
77051,5.478,48.156875
77052,5.488,48.1575
77053,5.484,48.158125
77054,5.485,48.15875
77055,5.549,48.159375
77056,5.554,48.16
77057,5.555,48.160625
77058,5.582,48.16125
77059,5.574,48.161875
77060,5.528,48.1625
77061,5.466,48.163125
77062,5.483,48.16375
77063,5.542,48.164375
77064,5.607,48.165
77065,5.651,48.165625
77066,5.646,48.16625
77067,5.641,48.166875
77068,5.642,48.1675
77069,5.659,48.168125
77070,5.686,48.16875
77071,5.74,48.169375
77072,5.852,48.17
77073,5.872,48.170625
77074,5.943,48.17125
77075,6.082,48.171875
77076,6.163,48.1725
77077,6.252,48.173125
77078,6.327,48.17375
77079,6.35,48.174375
77080,6.431,48.175
77081,6.497,48.175625
77082,6.529,48.17625
77083,6.617,48.176875
77084,6.693,48.1775
77085,6.76,48.178125
77086,6.821,48.17875
77087,6.888,48.179375
77088,6.926,48.18
77089,6.919,48.180625
77090,6.993,48.18125
77091,7.07,48.181875
77092,7.131,48.1825
77093,7.111,48.183125
77094,7.184,48.18375
77095,7.245,48.184375
77096,7.231,48.185
77097,7.308,48.185625
77098,7.364,48.18625
77099,7.384,48.186875
77100,7.312,48.1875
77101,7.357,48.188125
77102,7.43,48.18875
77103,7.471,48.189375
77104,7.475,48.19
77105,7.538,48.190625
77106,7.664,48.19125
77107,7.789,48.191875
77108,7.864,48.1925
77109,7.889,48.193125
77110,7.844,48.19375
77111,7.989,48.194375
77112,8.078,48.195
77113,8.075,48.195625
77114,8.19,48.19625
77115,8.295,48.196875
77116,8.391,48.1975
77117,8.48,48.198125
77118,8.54,48.19875
77119,8.593,48.199375
77120,8.643,48.2
77121,8.633,48.200625
77122,8.66,48.20125
77123,8.717,48.201875
77124,8.803,48.2025
77125,8.901,48.203125
77126,8.983,48.20375
77127,9.034,48.204375
77128,9.105,48.205
77129,9.183,48.205625
77130,9.252,48.20625
77131,9.255,48.206875
77132,9.3,48.2075
77133,9.327,48.208125
77134,9.296,48.20875
77135,9.297,48.209375
77136,9.263,48.21
77137,9.209,48.210625
77138,9.257,48.21125
77139,9.285,48.211875
77140,9.302,48.2125
77141,9.312,48.213125
77142,9.307,48.21375
77143,9.357,48.214375
77144,9.462,48.215
77145,9.52,48.215625
77146,9.6,48.21625
77147,9.711,48.216875
77148,9.875,48.2175
77149,9.903,48.218125
77150,9.941,48.21875
77151,10.016,48.219375
77152,10.084,48.22
77153,10.132,48.220625
77154,10.187,48.22125
77155,10.303,48.221875
77156,10.385,48.2225
77157,10.443,48.223125
77158,10.477,48.22375
77159,10.504,48.224375
77160,10.501,48.225
77161,10.499,48.225625
77162,10.587,48.22625
77163,10.574,48.226875
77164,10.503,48.2275
77165,10.381,48.228125
77166,10.376,48.22875
77167,10.35,48.229375
77168,10.302,48.23
77169,10.251,48.230625
77170,10.217,48.23125
77171,10.208,48.231875
77172,10.236,48.2325
77173,10.127,48.233125
77174,10.081,48.23375
77175,10.095,48.234375
77176,10.065,48.235
77177,10.089,48.235625
77178,10.121,48.23625
77179,10.114,48.236875
77180,10.077,48.2375
77181,10.064,48.238125
77182,10.08,48.23875
77183,10.087,48.239375
77184,10.134,48.24
77185,10.167,48.240625
77186,10.099,48.24125
77187,10.153,48.241875
77188,10.16,48.2425
77189,10.087,48.243125
77190,10.169,48.24375
77191,10.163,48.244375
77192,10.112,48.245
77193,10.085,48.245625
77194,10.132,48.24625
77195,10.169,48.246875
77196,10.166,48.2475
77197,10.176,48.248125
77198,10.14,48.24875
77199,10.094,48.249375
77200,10.145,48.25
77201,10.101,48.250625
77202,10.052,48.25125
77203,10.042,48.251875
77204,10.022,48.2525
77205,9.981,48.253125
77206,9.924,48.25375
77207,9.877,48.254375
77208,9.804,48.255
77209,9.734,48.255625
77210,9.686,48.25625
77211,9.638,48.256875
77212,9.596,48.2575
77213,9.556,48.258125
77214,9.491,48.25875
77215,9.45,48.259375
77216,9.414,48.26
77217,9.363,48.260625
77218,9.294,48.26125
77219,9.246,48.261875
77220,9.226,48.2625
77221,9.213,48.263125
77222,9.128,48.26375
77223,9.028,48.264375
77224,8.998,48.265
77225,8.933,48.265625
77226,8.883,48.26625
77227,8.864,48.266875
77228,8.874,48.2675
77229,8.823,48.268125
77230,8.747,48.26875
77231,8.716,48.269375
77232,8.696,48.27
77233,8.674,48.270625
77234,8.644,48.27125
77235,8.683,48.271875
77236,8.702,48.2725
77237,8.708,48.273125
77238,8.725,48.27375
77239,8.766,48.274375
77240,8.812,48.275
77241,8.856,48.275625
77242,8.9,48.27625
77243,8.959,48.276875
77244,9.021,48.2775
77245,9.018,48.278125
77246,9.031,48.27875
77247,9.06,48.279375
77248,9.108,48.28
77249,9.193,48.280625
77250,9.233,48.28125
77251,9.231,48.281875
77252,9.268,48.2825
77253,9.271,48.283125
77254,9.263,48.28375
77255,9.269,48.284375
77256,9.356,48.285
77257,9.414,48.285625
77258,9.422,48.28625
77259,9.395,48.286875
77260,9.398,48.2875
77261,9.414,48.288125
77262,9.414,48.28875
77263,9.456,48.289375
77264,9.483,48.29
77265,9.477,48.290625
77266,9.531,48.29125
77267,9.553,48.291875
77268,9.562,48.2925
77269,9.606,48.293125
77270,9.629,48.29375
77271,9.633,48.294375
77272,9.616,48.295
77273,9.645,48.295625
77274,9.662,48.29625
77275,9.682,48.296875
77276,9.77,48.2975
77277,9.779,48.298125
77278,9.759,48.29875
77279,9.732,48.299375
77280,9.708,48.3
77281,9.691,48.300625
77282,9.68,48.30125
77283,9.659,48.301875
77284,9.651,48.3025
77285,9.626,48.303125
77286,9.551,48.30375
77287,9.51,48.304375
77288,9.489,48.305
77289,9.476,48.305625
77290,9.361,48.30625
77291,9.305,48.306875
77292,9.266,48.3075
77293,9.194,48.308125
77294,9.14,48.30875
77295,9.097,48.309375
77296,9.061,48.31
77297,8.986,48.310625
77298,8.942,48.31125
77299,8.896,48.311875
77300,8.787,48.3125
77301,8.706,48.313125
77302,8.648,48.31375
77303,8.614,48.314375
77304,8.567,48.315
77305,8.553,48.315625
77306,8.543,48.31625
77307,8.444,48.316875
77308,8.359,48.3175
77309,8.295,48.318125
77310,8.261,48.31875
77311,8.263,48.319375
77312,8.265,48.32
77313,8.259,48.320625
77314,8.222,48.32125
77315,8.159,48.321875
77316,8.09,48.3225
77317,8.025,48.323125
77318,8.096,48.32375
77319,8.102,48.324375
77320,8.038,48.325
77321,7.98,48.325625
77322,7.934,48.32625
77323,7.883,48.326875
77324,7.804,48.3275
77325,7.723,48.328125
77326,7.635,48.32875
77327,7.55,48.329375
77328,7.594,48.33
77329,7.548,48.330625
77330,7.479,48.33125
77331,7.475,48.331875
77332,7.429,48.3325
77333,7.349,48.333125
77334,7.24,48.33375
77335,7.222,48.334375
77336,7.171,48.335
77337,7.105,48.335625
77338,7.058,48.33625
77339,7.038,48.336875
77340,7.013,48.3375
77341,6.972,48.338125
77342,6.931,48.33875
77343,6.897,48.339375
77344,6.864,48.34
77345,6.823,48.340625
77346,6.798,48.34125
77347,6.762,48.341875
77348,6.697,48.3425
77349,6.681,48.343125
77350,6.621,48.34375
77351,6.528,48.344375
77352,6.47,48.345
77353,6.47,48.345625
77354,6.458,48.34625
77355,6.38,48.346875
77356,6.317,48.3475
77357,6.251,48.348125
77358,6.178,48.34875
77359,6.089,48.349375
77360,6.029,48.35
77361,5.97,48.350625
77362,5.881,48.35125
77363,5.799,48.351875
77364,5.744,48.3525
77365,5.718,48.353125
77366,5.646,48.35375
77367,5.579,48.354375
77368,5.518,48.355
77369,5.467,48.355625
77370,5.387,48.35625
77371,5.317,48.356875
77372,5.265,48.3575
77373,5.18,48.358125
77374,5.12,48.35875
77375,5.08,48.359375
77376,5.057,48.36
77377,4.959,48.360625
77378,4.865,48.36125
77379,4.804,48.361875
77380,4.669,48.3625
77381,4.619,48.363125
77382,4.609,48.36375
77383,4.483,48.364375
77384,4.376,48.365
77385,4.281,48.365625
77386,4.199,48.36625
77387,4.069,48.366875
77388,3.97,48.3675
77389,3.901,48.368125
77390,3.854,48.36875
77391,3.764,48.369375
77392,3.646,48.37
77393,3.5,48.370625
77394,3.415,48.37125
77395,3.333,48.371875
77396,3.249,48.3725
77397,3.174,48.373125
77398,3.062,48.37375
77399,2.935,48.374375
77400,2.813,48.375
77401,2.708,48.375625
77402,2.609,48.37625
77403,2.513,48.376875
77404,2.397,48.3775
77405,2.301,48.378125
77406,2.223,48.37875
77407,2.169,48.379375
77408,2.05,48.38
77409,1.97,48.380625
77410,1.962,48.38125
77411,1.863,48.381875
77412,1.793,48.3825
77413,1.731,48.383125
77414,1.622,48.38375
77415,1.532,48.384375
77416,1.459,48.385
77417,1.404,48.385625
77418,1.31,48.38625
77419,1.227,48.386875
77420,1.155,48.3875
77421,1.104,48.388125
77422,1.013,48.38875
77423,0.922,48.389375
77424,0.861,48.39
77425,0.816,48.390625
77426,0.802,48.39125
77427,0.795,48.391875
77428,0.635,48.3925
77429,0.579,48.393125
77430,0.557,48.39375
77431,0.517,48.394375
77432,0.451,48.395
77433,0.385,48.395625
77434,0.327,48.39625
77435,0.34,48.396875
77436,0.262,48.3975
77437,0.16,48.398125
77438,0.112,48.39875
77439,0.102,48.399375
77440,0.053,48.4
77441,-0.05,48.400625
77442,-0.098,48.40125
77443,-0.143,48.401875
77444,-0.195,48.4025
77445,-0.273,48.403125
77446,-0.318,48.40375
77447,-0.341,48.404375
77448,-0.345,48.405
77449,-0.474,48.405625
77450,-0.547,48.40625
77451,-0.582,48.406875
77452,-0.623,48.4075
77453,-0.685,48.408125
77454,-0.722,48.40875
77455,-0.705,48.409375
77456,-0.733,48.41
77457,-0.749,48.410625
77458,-0.753,48.41125
77459,-0.764,48.411875
77460,-0.776,48.4125
77461,-0.78,48.413125
77462,-0.763,48.41375
77463,-0.79,48.414375
77464,-0.794,48.415
77465,-0.779,48.415625
77466,-0.806,48.41625
77467,-0.833,48.416875
77468,-0.841,48.4175
77469,-0.804,48.418125
77470,-0.806,48.41875
77471,-0.786,48.419375
77472,-0.74,48.42
77473,-0.706,48.420625
77474,-0.613,48.42125
77475,-0.505,48.421875
77476,-0.441,48.4225
77477,-0.373,48.423125
77478,-0.31,48.42375
77479,-0.255,48.424375
77480,-0.285,48.425
77481,-0.303,48.425625
77482,-0.324,48.42625
77483,-0.382,48.426875
77484,-0.448,48.4275
77485,-0.536,48.428125
77486,-0.655,48.42875
77487,-0.835,48.429375
77488,-0.96,48.43
77489,-1.063,48.430625
77490,-1.25,48.43125
77491,-1.392,48.431875
77492,-1.487,48.4325
77493,-1.521,48.433125
77494,-1.607,48.43375
77495,-1.681,48.434375
77496,-1.738,48.435
77497,-1.772,48.435625
77498,-1.799,48.43625
77499,-1.804,48.436875
77500,-1.77,48.4375
77501,-1.77,48.438125
77502,-1.754,48.43875
77503,-1.721,48.439375
77504,-1.694,48.44
77505,-1.678,48.440625
77506,-1.654,48.44125
77507,-1.593,48.441875
77508,-1.555,48.4425
77509,-1.515,48.443125
77510,-1.466,48.44375
77511,-1.405,48.444375
77512,-1.357,48.445
77513,-1.311,48.445625
77514,-1.25,48.44625
77515,-1.186,48.446875
77516,-1.148,48.4475
77517,-1.143,48.448125
77518,-1.089,48.44875
77519,-1.013,48.449375
77520,-0.939,48.45
77521,-0.919,48.450625
77522,-0.944,48.45125
77523,-0.989,48.451875
77524,-1.043,48.4525
77525,-1.041,48.453125
77526,-1.053,48.45375
77527,-1.077,48.454375
77528,-1.1,48.455
77529,-1.181,48.455625
77530,-1.257,48.45625
77531,-1.291,48.456875
77532,-1.405,48.4575
77533,-1.46,48.458125
77534,-1.473,48.45875
77535,-1.572,48.459375
77536,-1.612,48.46
77537,-1.617,48.460625
77538,-1.596,48.46125
77539,-1.693,48.461875
77540,-1.731,48.4625
77541,-1.698,48.463125
77542,-1.674,48.46375
77543,-1.622,48.464375
77544,-1.558,48.465
77545,-1.493,48.465625
77546,-1.372,48.46625
77547,-1.304,48.466875
77548,-1.301,48.4675
77549,-1.186,48.468125
77550,-1.088,48.46875
77551,-0.989,48.469375
77552,-0.86,48.47
77553,-0.734,48.470625
77554,-0.639,48.47125
77555,-0.588,48.471875
77556,-0.472,48.4725
77557,-0.36,48.473125
77558,-0.265,48.47375
77559,-0.224,48.474375
77560,-0.207,48.475
77561,-0.176,48.475625
77562,-0.112,48.47625
77563,-0.127,48.476875
77564,-0.192,48.4775
77565,-0.282,48.478125
77566,-0.309,48.47875
77567,-0.326,48.479375
77568,-0.354,48.48
77569,-0.408,48.480625
77570,-0.536,48.48125
77571,-0.615,48.481875
77572,-0.661,48.4825
77573,-0.821,48.483125
77574,-0.932,48.48375
77575,-1.028,48.484375
77576,-1.133,48.485
77577,-1.16,48.485625
77578,-1.212,48.48625
77579,-1.295,48.486875
77580,-1.315,48.4875
77581,-1.402,48.488125
77582,-1.508,48.48875
77583,-1.58,48.489375
77584,-1.613,48.49
77585,-1.607,48.490625
77586,-1.562,48.49125
77587,-1.593,48.491875
77588,-1.578,48.4925
77589,-1.531,48.493125
77590,-1.459,48.49375
77591,-1.491,48.494375
77592,-1.503,48.495
77593,-1.455,48.495625
77594,-1.323,48.49625
77595,-1.241,48.496875
77596,-1.183,48.4975
77597,-1.081,48.498125
77598,-0.984,48.49875
77599,-0.893,48.499375
77600,-0.808,48.5
77601,-0.69,48.500625
77602,-0.58,48.50125
77603,-0.483,48.501875
77604,-0.415,48.5025
77605,-0.307,48.503125
77606,-0.197,48.50375
77607,-0.112,48.504375
77608,0.039,48.505
77609,0.183,48.505625
77610,0.321,48.50625
77611,0.494,48.506875
77612,0.629,48.5075
77613,0.757,48.508125
77614,0.907,48.50875
77615,1.057,48.509375
77616,1.2,48.51
77617,1.333,48.510625
77618,1.428,48.51125
77619,1.584,48.511875
77620,1.758,48.5125
77621,1.89,48.513125
77622,1.988,48.51375
77623,2.064,48.514375
77624,2.12,48.515
77625,2.225,48.515625
77626,2.301,48.51625
77627,2.345,48.516875
77628,2.338,48.5175
77629,2.383,48.518125
77630,2.433,48.51875
77631,2.471,48.519375
77632,2.484,48.52
77633,2.498,48.520625
77634,2.51,48.52125
77635,2.517,48.521875
77636,2.581,48.5225
77637,2.608,48.523125
77638,2.536,48.52375
77639,2.595,48.524375
77640,2.665,48.525
77641,2.729,48.525625
77642,2.726,48.52625
77643,2.737,48.526875
77644,2.767,48.5275
77645,2.825,48.528125
77646,2.849,48.52875
77647,2.721,48.529375
77648,2.464,48.53
77649,2.345,48.530625
77650,2.261,48.53125
77651,2.217,48.531875
77652,2.234,48.5325
77653,2.299,48.533125
77654,2.431,48.53375
77655,2.631,48.534375
77656,2.818,48.535
77657,2.962,48.535625
77658,3.094,48.53625
77659,3.254,48.536875
77660,3.42,48.5375
77661,3.58,48.538125
77662,3.734,48.53875
77663,3.9,48.539375
77664,4.136,48.54
77665,4.395,48.540625
77666,4.579,48.54125
77667,4.757,48.541875
77668,4.975,48.5425
77669,5.257,48.543125
77670,5.46,48.54375
77671,5.764,48.544375
77672,6.129,48.545
77673,6.415,48.545625
77674,6.708,48.54625
77675,7.02,48.546875
77676,7.36,48.5475
77677,7.665,48.548125
77678,7.991,48.54875
77679,8.315,48.549375
77680,8.482,48.55
77681,8.607,48.550625
77682,8.738,48.55125
77683,8.918,48.551875
77684,9.037,48.5525
77685,9.11,48.553125
77686,9.141,48.55375
77687,9.145,48.554375
77688,9.104,48.555
77689,9.047,48.555625
77690,8.999,48.55625
77691,8.919,48.556875
77692,8.797,48.5575
77693,8.637,48.558125
77694,8.613,48.55875
77695,8.476,48.559375
77696,8.32,48.56
77697,8.31,48.560625
77698,8.285,48.56125
77699,8.291,48.561875
77700,8.341,48.5625
77701,8.29,48.563125
77702,8.339,48.56375
77703,8.441,48.564375
77704,8.485,48.565
77705,8.57,48.565625
77706,8.638,48.56625
77707,8.662,48.566875
77708,8.801,48.5675
77709,8.917,48.568125
77710,9.011,48.56875
77711,9.1,48.569375
77712,9.173,48.57
77713,9.261,48.570625
77714,9.386,48.57125
77715,9.55,48.571875
77716,9.69,48.5725
77717,9.804,48.573125
77718,9.899,48.57375
77719,9.951,48.574375
77720,10.007,48.575
77721,10.116,48.575625
77722,10.258,48.57625
77723,10.358,48.576875
77724,10.423,48.5775
77725,10.651,48.578125
77726,10.788,48.57875
77727,10.866,48.579375
77728,10.907,48.58
77729,11.015,48.580625
77730,11.129,48.58125
77731,11.239,48.581875
77732,11.372,48.5825
77733,11.412,48.583125
77734,11.4,48.58375
77735,11.397,48.584375
77736,11.263,48.585
77737,11.119,48.585625
77738,11.004,48.58625
77739,11.109,48.586875
77740,11.191,48.5875
77741,11.258,48.588125
77742,11.34,48.58875
77743,11.411,48.589375
77744,11.459,48.59
77745,11.473,48.590625
77746,11.466,48.59125
77747,11.394,48.591875
77748,11.271,48.5925
77749,11.169,48.593125
77750,11.082,48.59375
77751,10.962,48.594375
77752,10.765,48.595
77753,10.577,48.595625
77754,10.43,48.59625
77755,10.319,48.596875
77756,10.19,48.5975
77757,10.085,48.598125
77758,10.028,48.59875
77759,10.066,48.599375
77760,9.983,48.6
77761,9.947,48.600625
77762,9.977,48.60125
77763,9.954,48.601875
77764,9.997,48.6025
77765,10.072,48.603125
77766,10.137,48.60375
77767,10.046,48.604375
77768,9.933,48.605
77769,9.831,48.605625
77770,9.841,48.60625
77771,9.86,48.606875
77772,9.886,48.6075
77773,9.92,48.608125
77774,9.817,48.60875
77775,9.717,48.609375
77776,9.673,48.61
77777,9.635,48.610625
77778,9.562,48.61125
77779,9.478,48.611875
77780,9.461,48.6125
77781,9.447,48.613125
77782,9.443,48.61375
77783,9.456,48.614375
77784,9.489,48.615
77785,9.557,48.615625
77786,9.638,48.61625
77787,9.627,48.616875
77788,9.647,48.6175
77789,9.665,48.618125
77790,9.654,48.61875
77791,9.573,48.619375
77792,9.544,48.62
77793,9.565,48.620625
77794,9.497,48.62125
77795,9.413,48.621875
77796,9.334,48.6225
77797,9.286,48.623125
77798,9.283,48.62375
77799,9.255,48.624375
77800,9.191,48.625
77801,9.147,48.625625
77802,9.138,48.62625
77803,9.13,48.626875
77804,9.065,48.6275
77805,8.984,48.628125
77806,8.899,48.62875
77807,8.815,48.629375
77808,8.77,48.63
77809,8.757,48.630625
77810,8.798,48.63125
77811,8.968,48.631875
77812,9.165,48.6325
77813,9.309,48.633125
77814,9.36,48.63375
77815,9.471,48.634375
77816,9.553,48.635
77817,9.609,48.635625
77818,9.656,48.63625
77819,9.652,48.636875
77820,9.634,48.6375
77821,9.621,48.638125
77822,9.559,48.63875
77823,9.414,48.639375
77824,9.219,48.64
77825,9.158,48.640625
77826,9.124,48.64125
77827,9.097,48.641875
77828,9.063,48.6425
77829,9.014,48.643125
77830,8.961,48.64375
77831,8.912,48.644375
77832,8.926,48.645
77833,8.845,48.645625
77834,8.711,48.64625
77835,8.558,48.646875
77836,8.588,48.6475
77837,8.655,48.648125
77838,8.736,48.64875
77839,8.868,48.649375
77840,8.953,48.65
77841,9.002,48.650625
77842,9.023,48.65125
77843,9.035,48.651875
77844,9.033,48.6525
77845,9.018,48.653125
77846,9.109,48.65375
77847,9.248,48.654375
77848,9.479,48.655
77849,9.962,48.655625
77850,10.349,48.65625
77851,10.645,48.656875
77852,10.836,48.6575
77853,10.92,48.658125
77854,11.067,48.65875
77855,11.256,48.659375
77856,11.403,48.66
77857,11.564,48.660625
77858,11.709,48.66125
77859,11.811,48.661875
77860,11.976,48.6625
77861,12.116,48.663125
77862,12.224,48.66375
77863,12.303,48.664375
77864,12.386,48.665
77865,12.459,48.665625
77866,12.507,48.66625
77867,12.597,48.666875
77868,12.699,48.6675
77869,12.808,48.668125
77870,12.917,48.66875
77871,13.042,48.669375
77872,13.159,48.67
77873,13.234,48.670625
77874,13.306,48.67125
77875,13.376,48.671875
77876,13.445,48.6725
77877,13.54,48.673125
77878,13.646,48.67375
77879,13.741,48.674375
77880,13.775,48.675
77881,13.803,48.675625
77882,13.786,48.67625
77883,13.704,48.676875
77884,13.572,48.6775
77885,13.457,48.678125
77886,13.336,48.67875
77887,13.132,48.679375
77888,13.023,48.68
77889,12.904,48.680625
77890,12.72,48.68125
77891,12.595,48.681875
77892,12.503,48.6825
77893,12.424,48.683125
77894,12.281,48.68375
77895,12.241,48.684375
77896,12.23,48.685
77897,12.203,48.685625
77898,12.135,48.68625
77899,12.05,48.686875
77900,11.96,48.6875
77901,11.946,48.688125
77902,11.978,48.68875
77903,12.028,48.689375
77904,12.076,48.69
77905,12.21,48.690625
77906,12.337,48.69125
77907,12.439,48.691875
77908,12.486,48.6925
77909,12.491,48.693125
77910,12.465,48.69375
77911,12.41,48.694375
77912,12.393,48.695
77913,12.34,48.695625
77914,12.231,48.69625
77915,12.108,48.696875
77916,12.011,48.6975
77917,11.918,48.698125
77918,11.782,48.69875
77919,11.679,48.699375
77920,11.579,48.7
77921,11.474,48.700625
77922,11.325,48.70125
77923,11.189,48.701875
77924,11.049,48.7025
77925,10.841,48.703125
77926,10.668,48.70375
77927,10.481,48.704375
77928,10.253,48.705
77929,10.071,48.705625
77930,9.929,48.70625
77931,9.814,48.706875
77932,9.658,48.7075
77933,9.504,48.708125
77934,9.353,48.70875
77935,9.207,48.709375
77936,9.001,48.71
77937,8.814,48.710625
77938,8.646,48.71125
77939,8.428,48.711875
77940,8.201,48.7125
77941,7.989,48.713125
77942,7.826,48.71375
77943,7.659,48.714375
77944,7.485,48.715
77945,7.309,48.715625
77946,7.261,48.71625
77947,7.183,48.716875
77948,7.079,48.7175
77949,6.946,48.718125
77950,6.859,48.71875
77951,6.719,48.719375
77952,6.501,48.72
77953,6.402,48.720625
77954,6.258,48.72125
77955,6.093,48.721875
77956,5.964,48.7225
77957,5.821,48.723125
77958,5.675,48.72375
77959,5.529,48.724375
77960,5.376,48.725
77961,5.25,48.725625
77962,5.154,48.72625
77963,5.106,48.726875
77964,5.018,48.7275
77965,4.913,48.728125
77966,4.804,48.72875
77967,4.74,48.729375
77968,4.71,48.73
77969,4.702,48.730625
77970,4.661,48.73125
77971,4.667,48.731875
77972,4.656,48.7325
77973,4.567,48.733125
77974,4.519,48.73375
77975,4.49,48.734375
77976,4.477,48.735
77977,4.477,48.735625
77978,4.461,48.73625
77979,4.453,48.736875
77980,4.487,48.7375
77981,4.556,48.738125
77982,4.617,48.73875
77983,4.658,48.739375
77984,4.641,48.74
77985,4.583,48.740625
77986,4.495,48.74125
77987,4.386,48.741875
77988,4.288,48.7425
77989,4.132,48.743125
77990,3.891,48.74375
77991,3.728,48.744375
77992,3.602,48.745
77993,3.514,48.745625
77994,3.483,48.74625
77995,3.388,48.746875
77996,3.318,48.7475
77997,3.318,48.748125
77998,3.328,48.74875
77999,3.258,48.749375
78000,3.115,48.75
78001,2.914,48.750625
78002,2.856,48.75125
78003,2.832,48.751875
78004,2.781,48.7525
78005,2.676,48.753125
78006,2.613,48.75375
78007,2.598,48.754375
78008,2.626,48.755
78009,2.725,48.755625
78010,2.828,48.75625
78011,2.869,48.756875
78012,2.87,48.7575
78013,2.862,48.758125
78014,2.855,48.75875
78015,2.926,48.759375
78016,3.073,48.76
78017,3.233,48.760625
78018,3.328,48.76125
78019,3.336,48.761875
78020,3.319,48.7625
78021,3.293,48.763125
78022,3.392,48.76375
78023,3.497,48.764375
78024,3.604,48.765
78025,3.702,48.765625
78026,3.773,48.76625
78027,3.897,48.766875
78028,4.108,48.7675
78029,4.115,48.768125
78030,4.237,48.76875
78031,4.425,48.769375
78032,4.558,48.77
78033,4.64,48.770625
78034,4.738,48.77125
78035,4.888,48.771875
78036,4.913,48.7725
78037,5.007,48.773125
78038,5.153,48.77375
78039,5.255,48.774375
78040,5.374,48.775
78041,5.48,48.775625
78042,5.545,48.77625
78043,5.565,48.776875
78044,5.651,48.7775
78045,5.766,48.778125
78046,5.592,48.77875
78047,5.573,48.779375
78048,5.618,48.78
78049,5.656,48.780625
78050,5.675,48.78125
78051,5.726,48.781875
78052,5.805,48.7825
78053,5.75,48.783125
78054,5.727,48.78375
78055,5.693,48.784375
78056,5.577,48.785
78057,5.459,48.785625
78058,5.413,48.78625
78059,5.46,48.786875
78060,5.515,48.7875
78061,5.552,48.788125
78062,5.601,48.78875
78063,5.73,48.789375
78064,5.813,48.79
78065,5.894,48.790625
78066,5.989,48.79125
78067,5.977,48.791875
78068,6.007,48.7925
78069,6.088,48.793125
78070,6.265,48.79375
78071,6.299,48.794375
78072,6.36,48.795
78073,6.551,48.795625
78074,6.735,48.79625
78075,6.917,48.796875
78076,7.093,48.7975
78077,7.246,48.798125
78078,7.384,48.79875
78079,7.498,48.799375
78080,7.569,48.8
78081,7.737,48.800625
78082,7.883,48.80125
78083,7.996,48.801875
78084,8.084,48.8025
78085,8.133,48.803125
78086,8.158,48.80375
78087,8.168,48.804375
78088,8.225,48.805
78089,8.331,48.805625
78090,8.472,48.80625
78091,8.414,48.806875
78092,8.487,48.8075
78093,8.594,48.808125
78094,8.591,48.80875
78095,8.494,48.809375
78096,8.442,48.81
78097,8.478,48.810625
78098,8.604,48.81125
78099,8.626,48.811875
78100,8.606,48.8125
78101,8.68,48.813125
78102,8.725,48.81375
78103,8.756,48.814375
78104,8.777,48.815
78105,8.797,48.815625
78106,8.835,48.81625
78107,8.887,48.816875
78108,8.941,48.8175
78109,9.016,48.818125
78110,9.108,48.81875
78111,9.221,48.819375
78112,9.256,48.82
78113,9.303,48.820625
78114,9.371,48.82125
78115,9.49,48.821875
78116,9.536,48.8225
78117,9.538,48.823125
78118,9.504,48.82375
78119,9.485,48.824375
78120,9.459,48.825
78121,9.427,48.825625
78122,9.417,48.82625
78123,9.345,48.826875
78124,9.261,48.8275
78125,9.227,48.828125
78126,9.231,48.82875
78127,9.232,48.829375
78128,9.225,48.83
78129,9.272,48.830625
78130,9.263,48.83125
78131,9.233,48.831875
78132,9.236,48.8325
78133,9.262,48.833125
78134,9.273,48.83375
78135,9.256,48.834375
78136,9.249,48.835
78137,9.263,48.835625
78138,9.279,48.83625
78139,9.252,48.836875
78140,9.228,48.8375
78141,9.21,48.838125
78142,9.204,48.83875
78143,9.226,48.839375
78144,9.233,48.84
78145,9.236,48.840625
78146,9.294,48.84125
78147,9.25,48.841875
78148,9.199,48.8425
78149,9.199,48.843125
78150,9.233,48.84375
78151,9.281,48.844375
78152,9.337,48.845
78153,9.371,48.845625
78154,9.347,48.84625
78155,9.346,48.846875
78156,9.455,48.8475
78157,9.479,48.848125
78158,9.53,48.84875
78159,9.616,48.849375
78160,9.633,48.85
78161,9.68,48.850625
78162,9.737,48.85125
78163,9.781,48.851875
78164,9.817,48.8525
78165,9.869,48.853125
78166,9.94,48.85375
78167,9.927,48.854375
78168,9.982,48.855
78169,10.059,48.855625
78170,10.076,48.85625
78171,10.102,48.856875
78172,10.147,48.8575
78173,10.218,48.858125
78174,10.263,48.85875
78175,10.269,48.859375
78176,10.264,48.86
78177,10.332,48.860625
78178,10.371,48.86125
78179,10.408,48.861875
78180,10.456,48.8625
78181,10.481,48.863125
78182,10.488,48.86375
78183,10.481,48.864375
78184,10.474,48.865
78185,10.442,48.865625
78186,10.419,48.86625
78187,10.433,48.866875
78188,10.472,48.8675
78189,10.537,48.868125
78190,10.606,48.86875
78191,10.507,48.869375
78192,10.501,48.87
78193,10.52,48.870625
78194,10.503,48.87125
78195,10.546,48.871875
78196,10.597,48.8725
78197,10.641,48.873125
78198,10.579,48.87375
78199,10.614,48.874375
78200,10.689,48.875
78201,10.733,48.875625
78202,10.798,48.87625
78203,10.829,48.876875
78204,10.815,48.8775
78205,10.921,48.878125
78206,10.956,48.87875
78207,10.947,48.879375
78208,10.926,48.88
78209,10.983,48.880625
78210,11.01,48.88125
78211,10.966,48.881875
78212,10.902,48.8825
78213,10.861,48.883125
78214,10.843,48.88375
78215,10.857,48.884375
78216,10.844,48.885
78217,10.83,48.885625
78218,10.827,48.88625
78219,10.823,48.886875
78220,10.807,48.8875
78221,10.776,48.888125
78222,10.718,48.88875
78223,10.635,48.889375
78224,10.564,48.89
78225,10.537,48.890625
78226,10.497,48.89125
78227,10.498,48.891875
78228,10.526,48.8925
78229,10.438,48.893125
78230,10.394,48.89375
78231,10.369,48.894375
78232,10.342,48.895
78233,10.154,48.895625
78234,9.973,48.89625
78235,9.833,48.896875
78236,9.799,48.8975
78237,9.801,48.898125
78238,9.833,48.89875
78239,9.905,48.899375
78240,9.99,48.9
78241,10.079,48.900625
78242,10.168,48.90125
78243,10.273,48.901875
78244,10.366,48.9025
78245,10.435,48.903125
78246,10.438,48.90375
78247,10.512,48.904375
78248,10.59,48.905
78249,10.648,48.905625
78250,10.713,48.90625
78251,10.75,48.906875
78252,10.772,48.9075
78253,10.816,48.908125
78254,10.891,48.90875
78255,10.949,48.909375
78256,10.955,48.91
78257,10.975,48.910625
78258,11.012,48.91125
78259,11.056,48.911875
78260,11.053,48.9125
78261,11.035,48.913125
78262,11.054,48.91375
78263,11.169,48.914375
78264,11.276,48.915
78265,11.417,48.915625
78266,11.589,48.91625
78267,11.708,48.916875
78268,11.81,48.9175
78269,11.933,48.918125
78270,12.131,48.91875
78271,12.363,48.919375
78272,12.538,48.92
78273,12.641,48.920625
78274,12.849,48.92125
78275,13.061,48.921875
78276,13.252,48.9225
78277,13.368,48.923125
78278,13.5,48.92375
78279,13.697,48.924375
78280,13.978,48.925
78281,14.128,48.925625
78282,14.243,48.92625
78283,14.304,48.926875
78284,14.236,48.9275
78285,14.216,48.928125
78286,14.29,48.92875
78287,14.498,48.929375
78288,14.534,48.93
78289,14.559,48.930625
78290,14.585,48.93125
78291,14.643,48.931875
78292,14.705,48.9325
78293,14.775,48.933125
78294,14.853,48.93375
78295,14.836,48.934375
78296,14.812,48.935
78297,14.807,48.935625
78298,14.947,48.93625
78299,15.089,48.936875
78300,15.226,48.9375
78301,15.352,48.938125
78302,15.536,48.93875
78303,15.687,48.939375
78304,15.801,48.94
78305,15.989,48.940625
78306,16.119,48.94125
78307,16.23,48.941875
78308,16.366,48.9425
78309,16.487,48.943125
78310,16.606,48.94375
78311,16.724,48.944375
78312,16.813,48.945
78313,16.867,48.945625
78314,16.926,48.94625
78315,17.072,48.946875
78316,17.171,48.9475
78317,17.174,48.948125
78318,17.052,48.94875
78319,17.082,48.949375
78320,17.085,48.95
78321,17.07,48.950625
78322,17.067,48.95125
78323,17.095,48.951875
78324,17.137,48.9525
78325,17.188,48.953125
78326,17.256,48.95375
78327,17.202,48.954375
78328,17.064,48.955
78329,17.02,48.955625
78330,17.103,48.95625
78331,17.204,48.956875
78332,17.245,48.9575
78333,17.307,48.958125
78334,17.381,48.95875
78335,17.454,48.959375
78336,17.457,48.96
78337,17.461,48.960625
78338,17.481,48.96125
78339,17.542,48.961875
78340,17.576,48.9625
78341,17.638,48.963125
78342,17.731,48.96375
78343,17.799,48.964375
78344,17.805,48.965
78345,17.775,48.965625
78346,17.737,48.96625
78347,17.731,48.966875
78348,17.724,48.9675
78349,17.705,48.968125
78350,17.62,48.96875
78351,17.537,48.969375
78352,17.497,48.97
78353,17.613,48.970625
78354,17.685,48.97125
78355,17.715,48.971875
78356,17.698,48.9725
78357,17.926,48.973125
78358,18.162,48.97375
78359,18.367,48.974375
78360,18.415,48.975
78361,18.285,48.975625
78362,18.104,48.97625
78363,17.927,48.976875
78364,17.828,48.9775
78365,17.85,48.978125
78366,18.006,48.97875
78367,18.377,48.979375
78368,18.506,48.98
78369,18.455,48.980625
78370,18.217,48.98125
78371,18.094,48.981875
78372,18.077,48.9825
78373,18.126,48.983125
78374,17.891,48.98375
78375,17.685,48.984375
78376,17.533,48.985
78377,17.493,48.985625
78378,17.458,48.98625
78379,17.427,48.986875
78380,17.398,48.9875
78381,17.347,48.988125
78382,17.596,48.98875
78383,17.931,48.989375
78384,18.023,48.99
78385,18.194,48.990625
78386,18.347,48.99125
78387,18.454,48.991875
78388,18.437,48.9925
78389,18.373,48.993125
78390,18.263,48.99375
78391,18.096,48.994375
78392,18.0,48.995
78393,17.931,48.995625
78394,17.876,48.99625
78395,17.855,48.996875
78396,17.837,48.9975
78397,17.816,48.998125
78398,17.775,48.99875
78399,17.752,48.999375
78400,17.72,49.0
78401,17.659,49.000625
78402,17.604,49.00125
78403,17.582,49.001875
78404,17.58,49.0025
78405,17.519,49.003125
78406,17.502,49.00375
78407,17.509,49.004375
78408,17.533,49.005
78409,17.422,49.005625
78410,17.259,49.00625
78411,17.074,49.006875
78412,17.061,49.0075
78413,16.962,49.008125
78414,16.819,49.00875
78415,16.666,49.009375
78416,16.565,49.01
78417,16.47,49.010625
78418,16.371,49.01125
78419,16.255,49.011875
78420,16.192,49.0125
78421,16.165,49.013125
78422,16.161,49.01375
78423,16.085,49.014375
78424,16.019,49.015
78425,15.988,49.015625
78426,15.947,49.01625
78427,15.868,49.016875
78428,15.768,49.0175
78429,15.689,49.018125
78430,15.614,49.01875
78431,15.536,49.019375
78432,15.455,49.02
78433,15.38,49.020625
78434,15.288,49.02125
78435,15.194,49.021875
78436,15.167,49.0225
78437,15.033,49.023125
78438,14.908,49.02375
78439,14.871,49.024375
78440,14.701,49.025
78441,14.545,49.025625
78442,14.419,49.02625
78443,14.344,49.026875
78444,14.281,49.0275
78445,14.197,49.028125
78446,14.051,49.02875
78447,13.971,49.029375
78448,13.89,49.03
78449,13.801,49.030625
78450,13.743,49.03125
78451,13.68,49.031875
78452,13.62,49.0325
78453,13.573,49.033125
78454,13.592,49.03375
78455,13.646,49.034375
78456,13.727,49.035
78457,13.7,49.035625
78458,13.677,49.03625
78459,13.661,49.036875
78460,13.661,49.0375
78461,13.623,49.038125
78462,13.608,49.03875
78463,13.642,49.039375
78464,13.663,49.04
78465,13.693,49.040625
78466,13.706,49.04125
78467,13.611,49.041875
78468,13.603,49.0425
78469,13.608,49.043125
78470,13.595,49.04375
78471,13.555,49.044375
78472,13.591,49.045
78473,13.67,49.045625
78474,13.633,49.04625
78475,13.623,49.046875
78476,13.635,49.0475
78477,13.673,49.048125
78478,13.691,49.04875
78479,13.675,49.049375
78480,13.635,49.05
78481,13.663,49.050625
78482,13.673,49.05125
78483,13.671,49.051875
78484,13.654,49.0525
78485,13.595,49.053125
78486,13.567,49.05375
78487,13.586,49.054375
78488,13.674,49.055
78489,13.72,49.055625
78490,13.724,49.05625
78491,13.67,49.056875
78492,13.647,49.0575
78493,13.602,49.058125
78494,13.521,49.05875
78495,13.47,49.059375
78496,13.474,49.06
78497,13.495,49.060625
78498,13.458,49.06125
78499,13.391,49.061875
78500,13.352,49.0625
78501,13.369,49.063125
78502,13.326,49.06375
78503,13.327,49.064375
78504,13.346,49.065
78505,13.295,49.065625
78506,13.299,49.06625
78507,13.319,49.066875
78508,13.339,49.0675
78509,13.328,49.068125
78510,13.353,49.06875
78511,13.397,49.069375
78512,13.353,49.07
78513,13.348,49.070625
78514,13.351,49.07125
78515,13.337,49.071875
78516,13.36,49.0725
78517,13.389,49.073125
78518,13.421,49.07375
78519,13.462,49.074375
78520,13.493,49.075
78521,13.518,49.075625
78522,13.535,49.07625
78523,13.427,49.076875
78524,13.361,49.0775
78525,13.368,49.078125
78526,13.436,49.07875
78527,13.418,49.079375
78528,13.338,49.08
78529,13.209,49.080625
78530,13.233,49.08125
78531,13.378,49.081875
78532,13.645,49.0825
78533,13.798,49.083125
78534,14.058,49.08375
78535,14.409,49.084375
78536,14.845,49.085
78537,15.283,49.085625
78538,15.604,49.08625
78539,15.736,49.086875
78540,15.793,49.0875
78541,15.731,49.088125
78542,15.546,49.08875
78543,15.179,49.089375
78544,14.873,49.09
78545,14.613,49.090625
78546,14.402,49.09125
78547,14.319,49.091875
78548,14.194,49.0925
78549,14.026,49.093125
78550,13.88,49.09375
78551,13.79,49.094375
78552,13.723,49.095
78553,13.658,49.095625
78554,13.6,49.09625
78555,13.58,49.096875
78556,13.601,49.0975
78557,13.625,49.098125
78558,13.651,49.09875
78559,13.675,49.099375
78560,13.692,49.1
78561,13.654,49.100625
78562,13.617,49.10125
78563,13.592,49.101875
78564,13.541,49.1025
78565,13.507,49.103125
78566,13.49,49.10375
78567,13.497,49.104375
78568,13.499,49.105
78569,13.491,49.105625
78570,13.475,49.10625
78571,13.471,49.106875
78572,13.458,49.1075
78573,13.431,49.108125
78574,13.38,49.10875
78575,13.303,49.109375
78576,13.256,49.11
78577,13.273,49.110625
78578,13.234,49.11125
78579,13.157,49.111875
78580,13.06,49.1125
78581,13.009,49.113125
78582,12.945,49.11375
78583,12.839,49.114375
78584,12.659,49.115
78585,12.58,49.115625
78586,12.48,49.11625
78587,12.351,49.116875
78588,12.194,49.1175
78589,12.004,49.118125
78590,11.853,49.11875
78591,11.826,49.119375
78592,11.759,49.12
78593,11.701,49.120625
78594,11.656,49.12125
78595,11.598,49.121875
78596,11.59,49.1225
78597,11.585,49.123125
78598,11.517,49.12375
78599,11.397,49.124375
78600,11.255,49.125
78601,11.1,49.125625
78602,10.967,49.12625
78603,10.837,49.126875
78604,10.692,49.1275
78605,10.495,49.128125
78606,10.378,49.12875
78607,10.26,49.129375
78608,10.114,49.13
78609,9.988,49.130625
78610,9.884,49.13125
78611,9.797,49.131875
78612,9.715,49.1325
78613,9.626,49.133125
78614,9.487,49.13375
78615,9.266,49.134375
78616,9.139,49.135
78617,9.078,49.135625
78618,9.043,49.13625
78619,8.856,49.136875
78620,8.714,49.1375
78621,8.591,49.138125
78622,8.475,49.13875
78623,8.363,49.139375
78624,8.179,49.14
78625,7.936,49.140625
78626,7.77,49.14125
78627,7.584,49.141875
78628,7.424,49.1425
78629,7.345,49.143125
78630,7.162,49.14375
78631,6.972,49.144375
78632,6.794,49.145
78633,6.702,49.145625
78634,6.639,49.14625
78635,6.581,49.146875
78636,6.493,49.1475
78637,6.336,49.148125
78638,6.2,49.14875
78639,6.106,49.149375
78640,5.936,49.15
78641,5.78,49.150625
78642,5.636,49.15125
78643,5.5,49.151875
78644,5.326,49.1525
78645,5.153,49.153125
78646,4.997,49.15375
78647,4.78,49.154375
78648,4.68,49.155
78649,4.665,49.155625
78650,4.641,49.15625
78651,4.513,49.156875
78652,4.34,49.1575
78653,4.143,49.158125
78654,4.023,49.15875
78655,3.894,49.159375
78656,3.765,49.16
78657,3.704,49.160625
78658,3.613,49.16125
78659,3.502,49.161875
78660,3.369,49.1625
78661,3.279,49.163125
78662,3.174,49.16375
78663,3.042,49.164375
78664,2.855,49.165
78665,2.692,49.165625
78666,2.571,49.16625
78667,2.533,49.166875
78668,2.555,49.1675
78669,2.62,49.168125
78670,2.726,49.16875
78671,2.838,49.169375
78672,2.825,49.17
78673,2.678,49.170625
78674,2.321,49.17125
78675,2.288,49.171875
78676,2.337,49.1725
78677,2.403,49.173125
78678,2.321,49.17375
78679,2.252,49.174375
78680,2.182,49.175
78681,2.076,49.175625
78682,1.941,49.17625
78683,1.834,49.176875
78684,1.783,49.1775
78685,1.801,49.178125
78686,1.798,49.17875
78687,1.786,49.179375
78688,1.817,49.18
78689,1.945,49.180625
78690,2.083,49.18125
78691,2.182,49.181875
78692,2.182,49.1825
78693,2.109,49.183125
78694,1.977,49.18375
78695,1.851,49.184375
78696,1.812,49.185
78697,1.772,49.185625
78698,1.646,49.18625
78699,1.743,49.186875
78700,1.802,49.1875
78701,1.8,49.188125
78702,1.851,49.18875
78703,1.893,49.189375
78704,1.888,49.19
78705,1.769,49.190625
78706,1.744,49.19125
78707,1.809,49.191875
78708,1.961,49.1925
78709,2.019,49.193125
78710,2.137,49.19375
78711,2.283,49.194375
78712,2.406,49.195
78713,2.523,49.195625
78714,2.585,49.19625
78715,2.571,49.196875
78716,2.517,49.1975
78717,2.452,49.198125
78718,2.405,49.19875
78719,2.459,49.199375
78720,2.471,49.2
78721,2.47,49.200625
78722,2.466,49.20125
78723,2.384,49.201875
78724,2.303,49.2025
78725,2.256,49.203125
78726,2.389,49.20375
78727,2.476,49.204375
78728,2.501,49.205
78729,2.433,49.205625
78730,2.311,49.20625
78731,2.312,49.206875
78732,2.409,49.2075
78733,2.324,49.208125
78734,2.322,49.20875
78735,2.355,49.209375
78736,2.386,49.21
78737,2.344,49.210625
78738,2.344,49.21125
78739,2.398,49.211875
78740,2.449,49.2125
78741,2.529,49.213125
78742,2.579,49.21375
78743,2.497,49.214375
78744,2.485,49.215
78745,2.512,49.215625
78746,2.577,49.21625
78747,2.744,49.216875
78748,2.964,49.2175
78749,3.148,49.218125
78750,3.094,49.21875
78751,3.131,49.219375
78752,3.182,49.22
78753,3.222,49.220625
78754,3.179,49.22125
78755,3.14,49.221875
78756,3.128,49.2225
78757,3.217,49.223125
78758,3.2,49.22375
78759,3.171,49.224375
78760,3.175,49.225
78761,3.266,49.225625
78762,3.307,49.22625
78763,3.322,49.226875
78764,3.448,49.2275
78765,3.678,49.228125
78766,3.821,49.22875
78767,3.702,49.229375
78768,3.433,49.23
78769,3.253,49.230625
78770,3.176,49.23125
78771,3.146,49.231875
78772,3.009,49.2325
78773,2.802,49.233125
78774,2.537,49.23375
78775,2.406,49.234375
78776,2.292,49.235
78777,2.185,49.235625
78778,2.216,49.23625
78779,2.204,49.236875
78780,2.183,49.2375
78781,2.2,49.238125
78782,2.257,49.23875
78783,2.211,49.239375
78784,2.021,49.24
78785,1.831,49.240625
78786,1.776,49.24125
78787,1.788,49.241875
78788,1.726,49.2425
78789,1.616,49.243125
78790,1.478,49.24375
78791,1.315,49.244375
78792,1.252,49.245
78793,1.169,49.245625
78794,1.064,49.24625
78795,0.928,49.246875
78796,0.919,49.2475
78797,0.915,49.248125
78798,0.846,49.24875
78799,0.759,49.249375
78800,0.634,49.25
78801,0.49,49.250625
78802,0.425,49.25125
78803,0.311,49.251875
78804,0.137,49.2525
78805,-0.128,49.253125
78806,-0.169,49.25375
78807,-0.25,49.254375
78808,-0.396,49.255
78809,-0.539,49.255625
78810,-0.566,49.25625
78811,-0.583,49.256875
78812,-0.719,49.2575
78813,-0.929,49.258125
78814,-1.103,49.25875
78815,-1.219,49.259375
78816,-1.277,49.26
78817,-1.341,49.260625
78818,-1.419,49.26125
78819,-1.528,49.261875
78820,-1.51,49.2625
78821,-1.53,49.263125
78822,-1.638,49.26375
78823,-1.634,49.264375
78824,-1.692,49.265
78825,-1.806,49.265625
78826,-1.983,49.26625
78827,-2.061,49.266875
78828,-2.125,49.2675
78829,-2.21,49.268125
78830,-2.305,49.26875
78831,-2.318,49.269375
78832,-2.285,49.27
78833,-2.353,49.270625
78834,-2.454,49.27125
78835,-2.575,49.271875
78836,-2.711,49.2725
78837,-2.866,49.273125
78838,-3.01,49.27375
78839,-3.144,49.274375
78840,-3.286,49.275
78841,-3.4,49.275625
78842,-3.515,49.27625
78843,-3.658,49.276875
78844,-3.776,49.2775
78845,-3.877,49.278125
78846,-3.96,49.27875
78847,-4.018,49.279375
78848,-4.043,49.28
78849,-4.067,49.280625
78850,-4.128,49.28125
78851,-4.175,49.281875
78852,-4.236,49.2825
78853,-4.316,49.283125
78854,-4.35,49.28375
78855,-4.429,49.284375
78856,-4.518,49.285
78857,-4.548,49.285625
78858,-4.573,49.28625
78859,-4.615,49.286875
78860,-4.683,49.2875
78861,-4.737,49.288125
78862,-4.796,49.28875
78863,-4.841,49.289375
78864,-4.818,49.29
78865,-4.826,49.290625
78866,-4.858,49.29125
78867,-4.915,49.291875
78868,-4.947,49.2925
78869,-4.98,49.293125
78870,-5.012,49.29375
78871,-5.032,49.294375
78872,-4.965,49.295
78873,-4.906,49.295625
78874,-4.93,49.29625
78875,-4.938,49.296875
78876,-4.968,49.2975
78877,-5.011,49.298125
78878,-4.987,49.29875
78879,-4.987,49.299375
78880,-4.973,49.3
78881,-4.898,49.300625
78882,-4.799,49.30125
78883,-4.755,49.301875
78884,-4.769,49.3025
78885,-4.698,49.303125
78886,-4.698,49.30375
78887,-4.719,49.304375
78888,-4.692,49.305
78889,-4.714,49.305625
78890,-4.725,49.30625
78891,-4.71,49.306875
78892,-4.631,49.3075
78893,-4.625,49.308125
78894,-4.649,49.30875
78895,-4.621,49.309375
78896,-4.608,49.31
78897,-4.606,49.310625
78898,-4.616,49.31125
78899,-4.666,49.311875
78900,-4.652,49.3125
78901,-4.598,49.313125
78902,-4.574,49.31375
78903,-4.547,49.314375
78904,-4.548,49.315
78905,-4.599,49.315625
78906,-4.624,49.31625
78907,-4.65,49.316875
78908,-4.693,49.3175
78909,-4.843,49.318125
78910,-4.963,49.31875
78911,-5.073,49.319375
78912,-5.185,49.32
78913,-5.236,49.320625
78914,-5.261,49.32125
78915,-5.27,49.321875
78916,-5.301,49.3225
78917,-5.334,49.323125
78918,-5.386,49.32375
78919,-5.484,49.324375
78920,-5.571,49.325
78921,-5.644,49.325625
78922,-5.694,49.32625
78923,-5.619,49.326875
78924,-5.61,49.3275
78925,-5.638,49.328125
78926,-5.665,49.32875
78927,-5.653,49.329375
78928,-5.642,49.33
78929,-5.646,49.330625
78930,-5.677,49.33125
78931,-5.623,49.331875
78932,-5.528,49.3325
78933,-5.491,49.333125
78934,-5.442,49.33375
78935,-5.407,49.334375
78936,-5.397,49.335
78937,-5.43,49.335625
78938,-5.433,49.33625
78939,-5.438,49.336875
78940,-5.577,49.3375
78941,-5.655,49.338125
78942,-5.71,49.33875
78943,-5.757,49.339375
78944,-5.808,49.34
78945,-5.881,49.340625
78946,-5.979,49.34125
78947,-6.125,49.341875
78948,-6.214,49.3425
78949,-6.289,49.343125
78950,-6.387,49.34375
78951,-6.477,49.344375
78952,-6.562,49.345
78953,-6.644,49.345625
78954,-6.732,49.34625
78955,-6.812,49.346875
78956,-6.874,49.3475
78957,-6.901,49.348125
78958,-6.943,49.34875
78959,-6.979,49.349375
78960,-7.008,49.35
78961,-7.062,49.350625
78962,-7.117,49.35125
78963,-7.16,49.351875
78964,-7.167,49.3525
78965,-7.218,49.353125
78966,-7.242,49.35375
78967,-7.211,49.354375
78968,-7.215,49.355
78969,-7.226,49.355625
78970,-7.253,49.35625
78971,-7.321,49.356875
78972,-7.291,49.3575
78973,-7.277,49.358125
78974,-7.338,49.35875
78975,-7.288,49.359375
78976,-7.251,49.36
78977,-7.229,49.360625
78978,-7.219,49.36125
78979,-7.219,49.361875
78980,-7.219,49.3625
78981,-7.212,49.363125
78982,-7.271,49.36375
78983,-7.318,49.364375
78984,-7.347,49.365
78985,-7.364,49.365625
78986,-7.403,49.36625
78987,-7.458,49.366875
78988,-7.533,49.3675
78989,-7.608,49.368125
78990,-7.694,49.36875
78991,-7.785,49.369375
78992,-7.775,49.37
78993,-7.841,49.370625
78994,-7.925,49.37125
78995,-7.946,49.371875
78996,-7.946,49.3725
78997,-7.941,49.373125
78998,-7.933,49.37375
78999,-7.892,49.374375
79000,-7.888,49.375
79001,-7.885,49.375625
79002,-7.81,49.37625
79003,-7.823,49.376875
79004,-7.796,49.3775
79005,-7.677,49.378125
79006,-7.71,49.37875
79007,-7.736,49.379375
79008,-7.746,49.38
79009,-7.712,49.380625
79010,-7.796,49.38125
79011,-7.898,49.381875
79012,-7.969,49.3825
79013,-8.083,49.383125
79014,-8.221,49.38375
79015,-8.377,49.384375
79016,-8.53,49.385
79017,-8.71,49.385625
79018,-8.875,49.38625
79019,-8.988,49.386875
79020,-9.159,49.3875
79021,-9.341,49.388125
79022,-9.516,49.38875
79023,-9.581,49.389375
79024,-9.655,49.39
79025,-9.738,49.390625
79026,-9.833,49.39125
79027,-9.958,49.391875
79028,-10.008,49.3925
79029,-9.969,49.393125
79030,-9.969,49.39375
79031,-9.983,49.394375
79032,-9.994,49.395
79033,-9.977,49.395625
79034,-9.918,49.39625
79035,-9.913,49.396875
79036,-9.994,49.3975
79037,-10.0,49.398125
79038,-9.941,49.39875
79039,-9.871,49.399375
79040,-9.929,49.4
79041,-10.003,49.400625
79042,-10.057,49.40125
79043,-10.074,49.401875
79044,-10.098,49.4025
79045,-10.137,49.403125
79046,-10.215,49.40375
79047,-10.429,49.404375
79048,-10.592,49.405
79049,-10.756,49.405625
79050,-10.954,49.40625
79051,-11.199,49.406875
79052,-11.393,49.4075
79053,-11.553,49.408125
79054,-11.811,49.40875
79055,-12.075,49.409375
79056,-12.309,49.41
79057,-12.472,49.410625
79058,-12.693,49.41125
79059,-12.878,49.411875
79060,-13.023,49.4125
79061,-13.227,49.413125
79062,-13.394,49.41375
79063,-13.557,49.414375
79064,-13.758,49.415
79065,-13.874,49.415625
79066,-13.979,49.41625
79067,-14.087,49.416875
79068,-14.182,49.4175
79069,-14.251,49.418125
79070,-14.303,49.41875
79071,-14.344,49.419375
79072,-14.354,49.42
79073,-14.375,49.420625
79074,-14.423,49.42125
79075,-14.416,49.421875
79076,-14.446,49.4225
79077,-14.494,49.423125
79078,-14.518,49.42375
79079,-14.574,49.424375
79080,-14.607,49.425
79081,-14.586,49.425625
79082,-14.539,49.42625
79083,-14.53,49.426875
79084,-14.534,49.4275
79085,-14.449,49.428125
79086,-18.668,49.42875
79087,-28.884,49.429375
79088,-48.036,49.43
79089,-60.875,49.430625
79090,-70.367,49.43125
79091,-77.049,49.431875
79092,-82.341,49.4325
79093,-84.187,49.433125
79094,-85.387,49.43375
79095,-88.493,49.434375
79096,-93.813,49.435
79097,-96.873,49.435625
79098,-96.912,49.43625
79099,-93.419,49.436875
79100,-89.203,49.4375
79101,-84.309,49.438125
79102,-78.513,49.43875
79103,-70.407,49.439375
79104,-60.819,49.44
79105,-49.748,49.440625
79106,-35.031,49.44125
79107,-15.73,49.441875
79108,7.377,49.4425
79109,34.308,49.443125
79110,53.099,49.44375
79111,64.483,49.444375
79112,67.694,49.445
79113,57.552,49.445625
79114,47.08,49.44625
79115,36.516,49.446875
79116,26.346,49.4475
79117,15.93,49.448125
79118,7.02,49.44875
79119,0.885,49.449375
79120,-0.331,49.45
79121,0.395,49.450625
79122,2.655,49.45125
79123,5.661,49.451875
79124,8.554,49.4525
79125,11.248,49.453125
79126,13.615,49.45375
79127,16.072,49.454375
79128,18.044,49.455
79129,19.483,49.455625
79130,20.428,49.45625
79131,20.842,49.456875
79132,20.618,49.4575
79133,19.387,49.458125
79134,17.664,49.45875
79135,15.715,49.459375
79136,13.612,49.46
79137,11.846,49.460625
79138,10.086,49.46125
79139,8.272,49.461875
79140,6.289,49.4625
79141,3.979,49.463125
79142,1.891,49.46375
79143,0.204,49.464375
79144,-0.575,49.465
79145,-0.991,49.465625
79146,-1.017,49.46625
79147,-0.422,49.466875
79148,0.469,49.4675
79149,1.395,49.468125
79150,2.259,49.46875
79151,2.866,49.469375
79152,3.261,49.47
79153,3.426,49.470625
79154,3.208,49.47125
79155,2.983,49.471875
79156,2.572,49.4725
79157,1.824,49.473125
79158,0.89,49.47375
79159,-0.123,49.474375
79160,-1.192,49.475
79161,-2.247,49.475625
79162,-3.252,49.47625
79163,-4.181,49.476875
79164,-4.984,49.4775
79165,-5.698,49.478125
79166,-6.474,49.47875
79167,-7.321,49.479375
79168,-8.134,49.48
79169,-8.866,49.480625
79170,-9.565,49.48125
79171,-10.28,49.481875
79172,-10.979,49.4825
79173,-11.659,49.483125
79174,-12.311,49.48375
79175,-12.794,49.484375
79176,-13.231,49.485
79177,-13.609,49.485625
79178,-13.878,49.48625
79179,-14.043,49.486875
79180,-14.154,49.4875
79181,-14.22,49.488125
79182,-14.016,49.48875
79183,-13.748,49.489375
79184,-13.439,49.49
79185,-13.133,49.490625
79186,-12.945,49.49125
79187,-12.743,49.491875
79188,-12.468,49.4925
79189,-12.294,49.493125
79190,-12.222,49.49375
79191,-12.226,49.494375
79192,-12.233,49.495
79193,-12.366,49.495625
79194,-12.483,49.49625
79195,-12.483,49.496875
79196,-12.445,49.4975
79197,-12.406,49.498125
79198,-12.372,49.49875
79199,-12.366,49.499375
79200,-12.549,49.5
79201,-12.91,49.500625
79202,-13.501,49.50125
79203,-13.893,49.501875
79204,-14.219,49.5025
79205,-14.488,49.503125
79206,-14.586,49.50375
79207,-14.726,49.504375
79208,-14.876,49.505
79209,-14.998,49.505625
79210,-15.031,49.50625
79211,-15.116,49.506875
79212,-15.284,49.5075
79213,-15.386,49.508125
79214,-15.471,49.50875
79215,-15.559,49.509375
79216,-15.695,49.51
79217,-15.825,49.510625
79218,-15.966,49.51125
79219,-16.122,49.511875
79220,-16.241,49.5125
79221,-16.358,49.513125
79222,-16.468,49.51375
79223,-16.553,49.514375
79224,-16.66,49.515
79225,-16.746,49.515625
79226,-16.786,49.51625
79227,-16.668,49.516875
79228,-16.583,49.5175
79229,-16.529,49.518125
79230,-16.461,49.51875
79231,-16.418,49.519375
79232,-16.385,49.52
79233,-16.355,49.520625
79234,-16.252,49.52125
79235,-16.156,49.521875
79236,-16.081,49.5225
79237,-16.098,49.523125
79238,-16.092,49.52375
79239,-16.061,49.524375
79240,-15.996,49.525
79241,-15.734,49.525625
79242,-15.323,49.52625
79243,-14.791,49.526875
79244,-14.488,49.5275
79245,-14.166,49.528125
79246,-13.86,49.52875
79247,-13.639,49.529375
79248,-13.392,49.53
79249,-13.117,49.530625
79250,-12.808,49.53125
79251,-12.379,49.531875
79252,-11.905,49.5325
79253,-11.387,49.533125
79254,-10.816,49.53375
79255,-10.37,49.534375
79256,-9.984,49.535
79257,-9.644,49.535625
79258,-9.458,49.53625
79259,-9.661,49.536875
79260,-10.11,49.5375
79261,-10.376,49.538125
79262,-10.421,49.53875
79263,-10.363,49.539375
79264,-10.244,49.54
79265,-10.148,49.540625
79266,-10.122,49.54125
79267,-10.159,49.541875
79268,-10.217,49.5425
79269,-10.336,49.543125
79270,-10.5,49.54375
79271,-10.711,49.544375
79272,-11.203,49.545
79273,-11.64,49.545625
79274,-11.99,49.54625
79275,-12.299,49.546875
79276,-12.578,49.5475
79277,-12.833,49.548125
79278,-13.057,49.54875
79279,-13.264,49.549375
79280,-13.418,49.55
79281,-13.509,49.550625
79282,-13.53,49.55125
79283,-13.548,49.551875
79284,-13.562,49.5525
79285,-13.569,49.553125
79286,-13.477,49.55375
79287,-13.392,49.554375
79288,-13.346,49.555
79289,-13.394,49.555625
79290,-13.406,49.55625
79291,-13.407,49.556875
79292,-13.455,49.5575
79293,-13.529,49.558125
79294,-13.576,49.55875
79295,-13.566,49.559375
79296,-13.625,49.56
79297,-13.694,49.560625
79298,-13.752,49.56125
79299,-13.718,49.561875
79300,-13.719,49.5625
79301,-13.732,49.563125
79302,-13.742,49.56375
79303,-13.695,49.564375
79304,-13.644,49.565
79305,-13.584,49.565625
79306,-13.455,49.56625
79307,-13.432,49.566875
79308,-13.45,49.5675
79309,-13.464,49.568125
79310,-13.349,49.56875
79311,-13.31,49.569375
79312,-13.359,49.57
79313,-13.349,49.570625
79314,-13.384,49.57125
79315,-13.419,49.571875
79316,-13.388,49.5725
79317,-13.386,49.573125
79318,-13.425,49.57375
79319,-13.509,49.574375
79320,-13.659,49.575
79321,-13.785,49.575625
79322,-13.897,49.57625
79323,-14.009,49.576875
79324,-14.024,49.5775
79325,-14.033,49.578125
79326,-14.064,49.57875
79327,-14.053,49.579375
79328,-14.025,49.58
79329,-13.936,49.580625
79330,-13.637,49.58125
79331,-13.343,49.581875
79332,-13.043,49.5825
79333,-12.73,49.583125
79334,-12.348,49.58375
79335,-11.934,49.584375
79336,-11.486,49.585
79337,-10.986,49.585625
79338,-10.519,49.58625
79339,-10.019,49.586875
79340,-9.431,49.5875
79341,-8.924,49.588125
79342,-8.456,49.58875
79343,-8.002,49.589375
79344,-7.42,49.59
79345,-6.884,49.590625
79346,-6.342,49.59125
79347,-5.74,49.591875
79348,-5.3,49.5925
79349,-4.992,49.593125
79350,-4.807,49.59375
79351,-4.65,49.594375
79352,-4.577,49.595
79353,-4.455,49.595625
79354,-4.064,49.59625
79355,-3.837,49.596875
79356,-3.666,49.5975
79357,-3.535,49.598125
79358,-3.59,49.59875
79359,-3.868,49.599375
79360,-4.158,49.6
79361,-3.984,49.600625
79362,-3.975,49.60125
79363,-3.917,49.601875
79364,-3.723,49.6025
79365,-3.489,49.603125
79366,-3.317,49.60375
79367,-3.207,49.604375
79368,-3.169,49.605
79369,-3.129,49.605625
79370,-3.079,49.60625
79371,-3.011,49.606875
79372,-2.897,49.6075
79373,-2.785,49.608125
79374,-2.692,49.60875
79375,-2.699,49.609375
79376,-2.834,49.61
79377,-2.973,49.610625
79378,-3.018,49.61125
79379,-3.065,49.611875
79380,-3.189,49.6125
79381,-3.392,49.613125
79382,-3.613,49.61375
79383,-3.834,49.614375
79384,-4.025,49.615
79385,-4.137,49.615625
79386,-4.285,49.61625
79387,-4.471,49.616875
79388,-4.688,49.6175
79389,-4.787,49.618125
79390,-4.952,49.61875
79391,-5.166,49.619375
79392,-5.421,49.62
79393,-5.359,49.620625
79394,-5.296,49.62125
79395,-5.32,49.621875
79396,-5.306,49.6225
79397,-5.369,49.623125
79398,-5.571,49.62375
79399,-6.132,49.624375
79400,-6.516,49.625
79401,-6.746,49.625625
79402,-6.808,49.62625
79403,-6.972,49.626875
79404,-7.123,49.6275
79405,-7.265,49.628125
79406,-7.422,49.62875
79407,-7.368,49.629375
79408,-7.438,49.63
79409,-7.874,49.630625
79410,-8.421,49.63125
79411,-8.838,49.631875
79412,-9.145,49.6325
79413,-9.529,49.633125
79414,-10.054,49.63375
79415,-10.494,49.634375
79416,-10.613,49.635
79417,-10.839,49.635625
79418,-11.009,49.63625
79419,-11.088,49.636875
79420,-10.945,49.6375
79421,-10.758,49.638125
79422,-10.644,49.63875
79423,-10.783,49.639375
79424,-10.773,49.64
79425,-10.701,49.640625
79426,-10.599,49.64125
79427,-10.875,49.641875
79428,-11.141,49.6425
79429,-11.331,49.643125
79430,-11.277,49.64375
79431,-11.189,49.644375
79432,-11.008,49.645
79433,-10.706,49.645625
79434,-10.379,49.64625
79435,-10.158,49.646875
79436,-10.003,49.6475
79437,-9.826,49.648125
79438,-9.838,49.64875
79439,-9.881,49.649375
79440,-9.888,49.65
79441,-9.767,49.650625
79442,-9.751,49.65125
79443,-9.801,49.651875
79444,-9.733,49.6525
79445,-9.655,49.653125
79446,-9.491,49.65375
79447,-9.161,49.654375
79448,-8.907,49.655
79449,-8.533,49.655625
79450,-8.085,49.65625
79451,-7.973,49.656875
79452,-7.586,49.6575
79453,-7.143,49.658125
79454,-6.843,49.65875
79455,-6.402,49.659375
79456,-5.95,49.66
79457,-5.502,49.660625
79458,-5.029,49.66125
79459,-4.516,49.661875
79460,-3.967,49.6625
79461,-3.375,49.663125
79462,-3.046,49.66375
79463,-2.775,49.664375
79464,-2.515,49.665
79465,-2.076,49.665625
79466,-1.61,49.66625
79467,-1.116,49.666875
79468,-0.586,49.6675
79469,-0.198,49.668125
79470,0.235,49.66875
79471,0.786,49.669375
79472,1.161,49.67
79473,1.418,49.670625
79474,1.591,49.67125
79475,1.761,49.671875
79476,2.417,49.6725
79477,3.112,49.673125
79478,3.615,49.67375
79479,3.992,49.674375
79480,4.322,49.675
79481,4.644,49.675625
79482,5.131,49.67625
79483,5.446,49.676875
79484,5.694,49.6775
79485,5.936,49.678125
79486,6.093,49.67875
79487,6.429,49.679375
79488,6.933,49.68
79489,7.325,49.680625
79490,7.669,49.68125
79491,8.0,49.681875
79492,8.35,49.6825
79493,8.656,49.683125
79494,8.969,49.68375
79495,9.31,49.684375
79496,9.823,49.685
79497,10.145,49.685625
79498,10.427,49.68625
79499,10.914,49.686875
79500,11.483,49.6875
79501,11.975,49.688125
79502,12.34,49.68875
79503,12.612,49.689375
79504,12.886,49.69
79505,13.167,49.690625
79506,13.47,49.69125
79507,13.564,49.691875
79508,13.595,49.6925
79509,13.608,49.693125
79510,13.822,49.69375
79511,13.964,49.694375
79512,14.048,49.695
79513,14.126,49.695625
79514,14.322,49.69625
79515,14.514,49.696875
79516,14.627,49.6975
79517,14.797,49.698125
79518,14.883,49.69875
79519,14.727,49.699375
79520,13.404,49.7
79521,13.522,49.700625
79522,29.764,49.70125
79523,80.758,49.701875
79524,120.643,49.7025
79525,116.624,49.703125
79526,69.856,49.70375
79527,34.446,49.704375
79528,21.147,49.705
79529,21.26,49.705625
79530,29.222,49.70625
79531,35.97,49.706875
79532,39.651,49.7075
79533,40.438,49.708125
79534,52.73,49.70875
79535,65.051,49.709375
79536,75.986,49.71
79537,82.251,49.710625
79538,79.997,49.71125
79539,73.854,49.711875
79540,64.789,49.7125
79541,52.296,49.713125
79542,39.115,49.71375
79543,25.347,49.714375
79544,11.048,49.715
79545,-3.634,49.715625
79546,-22.783,49.71625
79547,-49.176,49.716875
79548,-49.768,49.7175
79549,-44.223,49.718125
79550,-35.414,49.71875
79551,-31.533,49.719375
79552,-28.363,49.72
79553,-28.457,49.720625
79554,-34.504,49.72125
79555,-52.345,49.721875
79556,-68.799,49.7225
79557,-80.81,49.723125
79558,-74.497,49.72375
79559,-60.067,49.724375
79560,-42.092,49.725
79561,-23.763,49.725625
79562,-8.298,49.72625
79563,4.504,49.726875
79564,14.541,49.7275
79565,21.027,49.728125
79566,25.684,49.72875
79567,28.68,49.729375
79568,29.544,49.73
79569,28.306,49.730625
79570,26.275,49.73125
79571,23.751,49.731875
79572,22.381,49.7325
79573,21.943,49.733125
79574,22.215,49.73375
79575,23.035,49.734375
79576,24.037,49.735
79577,25.309,49.735625
79578,26.917,49.73625
79579,28.733,49.736875
79580,30.693,49.7375
79581,32.648,49.738125
79582,34.121,49.73875
79583,35.801,49.739375
79584,37.464,49.74
79585,38.992,49.740625
79586,39.999,49.74125
79587,41.14,49.741875
79588,42.373,49.7425
79589,43.366,49.743125
79590,44.257,49.74375
79591,44.935,49.744375
79592,45.248,49.745
79593,45.09,49.745625
79594,44.585,49.74625
79595,43.667,49.746875
79596,41.691,49.7475
79597,40.512,49.748125
79598,39.715,49.74875
79599,38.994,49.749375
79600,37.885,49.75
79601,36.685,49.750625
79602,35.435,49.75125
79603,34.051,49.751875
79604,32.691,49.7525
79605,31.306,49.753125
79606,29.802,49.75375
79607,28.094,49.754375
79608,26.364,49.755
79609,24.661,49.755625
79610,22.97,49.75625
79611,21.52,49.756875
79612,20.322,49.7575
79613,19.509,49.758125
79614,19.261,49.75875
79615,19.516,49.759375
79616,20.332,49.76
79617,21.386,49.760625
79618,22.328,49.76125
79619,23.283,49.761875
79620,24.721,49.7625
79621,26.442,49.763125
79622,28.25,49.76375
79623,30.056,49.764375
79624,32.17,49.765
79625,34.332,49.765625
79626,36.527,49.76625
79627,38.779,49.766875
79628,40.979,49.7675
79629,43.087,49.768125
79630,45.036,49.76875
79631,46.582,49.769375
79632,47.968,49.77
79633,49.218,49.770625
79634,50.276,49.77125
79635,51.225,49.771875
79636,52.143,49.7725
79637,53.116,49.773125
79638,53.768,49.77375
79639,54.211,49.774375
79640,54.458,49.775
79641,54.547,49.775625
79642,54.548,49.77625
79643,54.433,49.776875
79644,54.1,49.7775
79645,53.677,49.778125
79646,53.246,49.77875
79647,52.832,49.779375
79648,52.502,49.78
79649,52.147,49.780625
79650,51.769,49.78125
79651,51.361,49.781875
79652,50.718,49.7825
79653,50.093,49.783125
79654,49.603,49.78375
79655,48.935,49.784375
79656,48.302,49.785
79657,47.657,49.785625
79658,46.779,49.78625
79659,46.014,49.786875
79660,45.283,49.7875
79661,44.549,49.788125
79662,43.516,49.78875
79663,42.569,49.789375
79664,41.711,49.79
79665,40.8,49.790625
79666,39.857,49.79125
79667,38.92,49.791875
79668,38.025,49.7925
79669,36.967,49.793125
79670,35.948,49.79375
79671,35.002,49.794375
79672,34.175,49.795
79673,33.36,49.795625
79674,32.578,49.79625
79675,31.874,49.796875
79676,31.318,49.7975
79677,30.853,49.798125
79678,30.468,49.79875
79679,30.067,49.799375
79680,29.659,49.8
79681,29.265,49.800625
79682,28.935,49.80125
79683,28.539,49.801875
79684,27.945,49.8025
79685,27.085,49.803125
79686,26.339,49.80375
79687,25.456,49.804375
79688,24.488,49.805
79689,23.569,49.805625
79690,22.582,49.80625
79691,21.597,49.806875
79692,20.648,49.8075
79693,19.682,49.808125
79694,18.628,49.80875
79695,17.512,49.809375
79696,16.45,49.81
79697,15.261,49.810625
79698,14.099,49.81125
79699,13.086,49.811875
79700,12.097,49.8125
79701,10.989,49.813125
79702,9.794,49.81375
79703,8.852,49.814375
79704,8.08,49.815
79705,7.352,49.815625
79706,6.55,49.81625
79707,5.756,49.816875
79708,4.976,49.8175
79709,4.237,49.818125
79710,3.859,49.81875
79711,3.56,49.819375
79712,3.295,49.82
79713,3.009,49.820625
79714,2.907,49.82125
79715,2.701,49.821875
79716,2.32,49.8225
79717,2.044,49.823125
79718,1.847,49.82375
79719,1.716,49.824375
79720,1.654,49.825
79721,1.629,49.825625
79722,1.6,49.82625
79723,1.552,49.826875
79724,1.336,49.8275
79725,1.158,49.828125
79726,0.977,49.82875
79727,0.643,49.829375
79728,0.224,49.83
79729,-0.225,49.830625
79730,-0.681,49.83125
79731,-0.991,49.831875
79732,-1.412,49.8325
79733,-1.923,49.833125
79734,-2.372,49.83375
79735,-2.917,49.834375
79736,-3.403,49.835
79737,-3.686,49.835625
79738,-4.222,49.83625
79739,-4.698,49.836875
79740,-5.088,49.8375
79741,-5.465,49.838125
79742,-5.791,49.83875
79743,-6.106,49.839375
79744,-6.453,49.84
79745,-6.705,49.840625
79746,-6.986,49.84125
79747,-7.307,49.841875
79748,-7.481,49.8425
79749,-7.678,49.843125
79750,-7.898,49.84375
79751,-8.147,49.844375
79752,-8.296,49.845
79753,-8.441,49.845625
79754,-8.606,49.84625
79755,-8.691,49.846875
79756,-8.789,49.8475
79757,-8.896,49.848125
79758,-9.012,49.84875
79759,-9.011,49.849375
79760,-8.987,49.85
79761,-8.974,49.850625
79762,-8.92,49.85125
79763,-8.804,49.851875
79764,-8.64,49.8525
79765,-8.473,49.853125
79766,-8.214,49.85375
79767,-7.953,49.854375
79768,-7.746,49.855
79769,-7.532,49.855625
79770,-7.296,49.85625
79771,-7.036,49.856875
79772,-6.74,49.8575
79773,-6.478,49.858125
79774,-6.232,49.85875
79775,-5.99,49.859375
79776,-5.648,49.86
79777,-5.359,49.860625
79778,-5.139,49.86125
79779,-4.921,49.861875
79780,-4.627,49.8625
79781,-4.314,49.863125
79782,-4.045,49.86375
79783,-3.773,49.864375
79784,-3.466,49.865
79785,-3.113,49.865625
79786,-2.708,49.86625
79787,-2.301,49.866875
79788,-1.911,49.8675
79789,-1.581,49.868125
79790,-1.164,49.86875
79791,-0.719,49.869375
79792,-0.26,49.87
79793,0.213,49.870625
79794,0.671,49.87125
79795,1.117,49.871875
79796,1.549,49.8725
79797,2.12,49.873125
79798,2.734,49.87375
79799,3.356,49.874375
79800,4.117,49.875
79801,4.808,49.875625
79802,5.451,49.87625
79803,6.148,49.876875
79804,6.82,49.8775
79805,7.449,49.878125
79806,8.01,49.87875
79807,8.669,49.879375
79808,9.299,49.88
79809,9.888,49.880625
79810,10.428,49.88125
79811,10.998,49.881875
79812,11.564,49.8825
79813,12.095,49.883125
79814,12.489,49.88375
79815,12.883,49.884375
79816,13.291,49.885
79817,13.644,49.885625
79818,13.948,49.88625
79819,14.208,49.886875
79820,14.412,49.8875
79821,14.677,49.888125
79822,14.966,49.88875
79823,15.268,49.889375
79824,15.458,49.89
79825,15.567,49.890625
79826,15.615,49.89125
79827,15.615,49.891875
79828,15.698,49.8925
79829,15.734,49.893125
79830,15.673,49.89375
79831,15.737,49.894375
79832,15.707,49.895
79833,15.627,49.895625
79834,15.613,49.89625
79835,15.5,49.896875
79836,15.332,49.8975
79837,15.121,49.898125
79838,14.887,49.89875
79839,14.656,49.899375
79840,14.428,49.9
79841,14.197,49.900625
79842,14.023,49.90125
79843,13.882,49.901875
79844,13.766,49.9025
79845,13.682,49.903125
79846,13.609,49.90375
79847,13.539,49.904375
79848,13.423,49.905
79849,13.474,49.905625
79850,13.543,49.90625
79851,13.482,49.906875
79852,13.627,49.9075
79853,13.724,49.908125
79854,13.746,49.90875
79855,13.943,49.909375
79856,14.022,49.91
79857,14.084,49.910625
79858,14.281,49.91125
79859,14.453,49.911875
79860,14.617,49.9125
79861,14.773,49.913125
79862,14.804,49.91375
79863,14.828,49.914375
79864,14.856,49.915
79865,14.91,49.915625
79866,14.866,49.91625
79867,14.826,49.916875
79868,14.83,49.9175
79869,14.796,49.918125
79870,14.75,49.91875
79871,14.692,49.919375
79872,14.617,49.92
79873,14.496,49.920625
79874,14.367,49.92125
79875,14.251,49.921875
79876,14.216,49.9225
79877,14.12,49.923125
79878,13.974,49.92375
79879,13.879,49.924375
79880,13.727,49.925
79881,13.556,49.925625
79882,13.389,49.92625
79883,13.244,49.926875
79884,13.052,49.9275
79885,12.8,49.928125
79886,12.45,49.92875
79887,12.12,49.929375
79888,11.806,49.93
79889,11.507,49.930625
79890,11.29,49.93125
79891,11.039,49.931875
79892,10.732,49.9325
79893,10.398,49.933125
79894,10.157,49.93375
79895,9.973,49.934375
79896,9.806,49.935
79897,9.628,49.935625
79898,9.485,49.93625
79899,9.393,49.936875
79900,9.308,49.9375
79901,9.3,49.938125
79902,9.326,49.93875
79903,9.296,49.939375
79904,9.365,49.94
79905,9.485,49.940625
79906,9.645,49.94125
79907,9.901,49.941875
79908,10.144,49.9425
79909,10.373,49.943125
79910,10.587,49.94375
79911,10.804,49.944375
79912,11.018,49.945
79913,11.226,49.945625
79914,11.43,49.94625
79915,11.674,49.946875
79916,11.936,49.9475
79917,12.079,49.948125
79918,12.302,49.94875
79919,12.52,49.949375
79920,12.656,49.95
79921,12.796,49.950625
79922,12.878,49.95125
79923,12.912,49.951875
79924,13.055,49.9525
79925,13.083,49.953125
79926,13.044,49.95375
79927,12.972,49.954375
79928,12.901,49.955
79929,12.798,49.955625
79930,12.642,49.95625
79931,12.121,49.956875
79932,11.56,49.9575
79933,11.073,49.958125
79934,10.917,49.95875
79935,10.771,49.959375
79936,10.693,49.96
79937,10.707,49.960625
79938,10.662,49.96125
79939,10.604,49.961875
79940,10.529,49.9625
79941,10.423,49.963125
79942,10.334,49.96375
79943,10.23,49.964375
79944,10.094,49.965
79945,10.079,49.965625
79946,10.056,49.96625
79947,10.016,49.966875
79948,9.941,49.9675
79949,9.934,49.968125
79950,9.9,49.96875
79951,9.764,49.969375
79952,9.662,49.97
79953,9.674,49.970625
79954,9.787,49.97125
79955,9.906,49.971875
79956,9.902,49.9725
79957,9.832,49.973125
79958,9.723,49.97375
79959,9.659,49.974375
79960,9.584,49.975
79961,9.485,49.975625
79962,9.346,49.97625
79963,9.195,49.976875
79964,9.066,49.9775
79965,9.015,49.978125
79966,8.993,49.97875
79967,8.945,49.979375
79968,8.862,49.98
79969,8.828,49.980625
79970,8.749,49.98125
79971,8.645,49.981875
79972,8.543,49.9825
79973,8.405,49.983125
79974,8.253,49.98375
79975,8.093,49.984375
79976,7.997,49.985
79977,7.844,49.985625
79978,7.66,49.98625
79979,7.521,49.986875
79980,7.373,49.9875
79981,7.255,49.988125
79982,7.19,49.98875
79983,7.054,49.989375
79984,6.957,49.99
79985,6.886,49.990625
79986,6.757,49.99125
79987,6.705,49.991875
79988,6.677,49.9925
79989,6.64,49.993125
79990,6.584,49.99375
79991,6.536,49.994375
79992,6.505,49.995
79993,6.529,49.995625
79994,6.574,49.99625
79995,6.642,49.996875
79996,6.744,49.9975
79997,6.972,49.998125
79998,7.193,49.99875
79999,7.388,49.999375
