,t,Vdby
0,48.095,124.52684174327261
1,48.095625,124.72570554896058
2,48.09625,125.2061989158984
3,48.096875,125.23952382795626
4,48.0975,125.11027425639068
5,48.098125,124.92504624598644
6,48.09875,124.70551753374104
7,48.099375,124.85579618957352
8,48.1,124.92011808152058
9,48.100625,124.95455665819446
10,48.10125,125.13435491954974
11,48.101875,125.23952382795626
12,48.1025,125.28691014100184
13,48.103125,125.26798662668006
14,48.10375,125.28218312611617
15,48.104375,125.32463393379787
16,48.105,125.37623807479561
17,48.105625,125.34343456806027
18,48.10625,125.37155943765686
19,48.106875,125.46928545242693
20,48.1075,125.6886146768904
21,48.108125,125.68410135403589
22,48.10875,125.6795856847696
23,48.109375,125.70214059133625
24,48.11,125.57964233730885
25,48.110625,125.6569720566929
26,48.11125,125.85398006087858
27,48.111875,126.09411796425532
28,48.1125,126.26468583389448
29,48.113125,126.52671721857503
30,48.11375,126.91139512112784
31,48.114375,126.7371964183362
32,48.115,126.87211016208344
33,48.115625,127.15488650360751
34,48.11625,127.24587875928462
35,48.116875,127.4435057223013
36,48.1175,127.68348277614066
37,48.118125,127.94837084702695
38,48.11875,128.23912475860803
39,48.119375,128.39581172212723
40,48.12,128.52371650489022
41,48.120625,129.06024782242912
42,48.12125,129.3373524070822
43,48.121875,129.51051830078563
44,48.1225,129.64889583836532
45,48.123125,129.78228738757838
46,48.12375,129.96621107579202
47,48.124375,130.2001702588047
48,48.125,130.43322030224147
49,48.125625,130.5422822327961
50,48.12625,130.60143137674757
51,48.126875,130.6779820159319
52,48.1275,130.93085326956262
53,48.128125,131.09220570452328
54,48.12875,131.12122318019064
55,48.129375,131.24347726729297
56,48.13,131.3593381364631
57,48.130625,131.46207566327982
58,48.13125,131.54063971252063
59,48.131875,131.64354075376818
60,48.1325,131.77215609485373
61,48.133125,131.93194191252923
62,48.13375,131.9911118197196
63,48.134375,132.07587408273926
64,48.135,132.15981717094348
65,48.135625,132.15338873376484
66,48.13625,132.12977700885295
67,48.136875,132.1017892376316
68,48.1375,132.08019864824462
69,48.138125,132.0172807261968
70,48.13875,131.98455725547592
71,48.139375,131.96924400948302
72,48.14,131.83464477903672
73,48.140625,131.79452512508473
74,48.14125,131.76319232766184
75,48.141875,131.65716924448998
76,48.1425,131.49219882680373
77,48.143125,131.48757128826165
78,48.14375,131.64581365437988
79,48.144375,131.48988536570656
80,48.145,131.43417663617376
81,48.145625,131.45278594085627
82,48.14625,131.53143368130583
83,48.146875,131.64808596038057
84,48.1475,131.81014924017165
85,48.148125,132.01945791373498
86,48.14875,132.17907398551725
87,48.149375,132.29161733994974
88,48.15,132.3714205624026
89,48.150625,132.4629174927588
90,48.15125,132.69357504357365
91,48.151875,132.93199503440746
92,48.1525,133.1238812435837
93,48.153125,133.33410272239797
94,48.15375,133.5283846343672
95,48.154375,133.7040826894203
96,48.155,133.86046135847388
97,48.155625,134.03998949779273
98,48.15625,134.20234730223632
99,48.156875,134.3100389058657
100,48.1575,134.50352602838274
101,48.158125,134.62048759631375
102,48.15875,134.65591396578657
103,48.159375,134.72633615808218
104,48.16,134.804094710149
105,48.160625,134.91554435779517
106,48.16125,135.10834925621873
107,48.161875,135.26406600741544
108,48.1625,135.3342041452452
109,48.163125,135.3118811063889
110,48.16375,135.38754652152275
111,48.164375,135.41262255555614
112,48.165,135.44203138554022
113,48.165625,135.5948150235348
114,48.16625,135.67521391487847
115,48.166875,135.75912246567864
116,48.1675,135.87441113627048
117,48.168125,135.87580769381637
118,48.16875,135.89812213033608
119,48.169375,135.90647528658627
120,48.17,135.76336742282334
121,48.170625,135.86043319691967
122,48.17125,135.95089028723453
123,48.171875,135.87441113627048
124,48.1725,135.73644758998375
125,48.173125,135.5904868664958
126,48.17375,135.4464341344584
127,48.174375,135.3356903099572
128,48.175,135.2174927610438
129,48.175625,135.1098745683024
130,48.17625,135.042506145958
131,48.176875,134.9046196905628
132,48.1775,134.73748723296845
133,48.178125,134.55407767370707
134,48.17875,134.51006537718632
135,48.179375,134.1241108376394
136,48.18,133.5576116302318
137,48.180625,133.0873818195057
138,48.18125,133.13154582792228
139,48.181875,133.4456524957784
140,48.1825,133.96375139732245
141,48.183125,134.6671557585117
142,48.18375,135.27604448149185
143,48.184375,135.7958433546135
144,48.185,136.19254083788098
145,48.185625,136.49552924951092
146,48.18625,136.73660572977758
147,48.186875,136.92302953057631
148,48.1875,137.1297442573726
149,48.188125,137.2605059245894
150,48.18875,137.32338295267542
151,48.189375,137.343455023573
152,48.19,137.38580808418797
153,48.190625,137.44895295578027
154,48.19125,137.5347459428133
155,48.191875,137.501225267834
156,48.1925,137.49890872171062
157,48.193125,137.5347459428133
158,48.19375,137.48731671460098
159,48.194375,137.54742691739548
160,48.195,137.65276723392077
161,48.195625,137.73319795722406
162,48.19625,137.8106558385549
163,48.196875,137.86746660492048
164,48.1975,137.901817938688
165,48.198125,137.94704268688628
166,48.19875,137.9481427932316
167,48.199375,137.9139745391861
168,48.2,137.84968358729375
169,48.200625,137.81289072590494
170,48.20125,137.75796976193743
171,48.201875,137.6618671715138
172,48.2025,137.49543274368597
173,48.203125,137.40573657985183
174,48.20375,137.35524049300403
175,48.204375,137.17795914464008
176,48.205,137.1006863335177
177,48.205625,137.02761335931194
178,48.20625,136.88954351491364
179,48.206875,136.8708842389127
180,48.2075,136.80588663222872
181,48.208125,136.70493079992622
182,48.20875,136.77446380062744
183,48.209375,136.7807574677661
184,48.21,136.7769818147451
185,48.210625,136.81967674640757
186,48.21125,136.79207458941673
187,48.211875,136.75176876471022
188,48.2125,136.71507935038767
189,48.213125,136.8134112266682
190,48.21375,136.78704657790843
191,48.214375,136.70746904940017
192,48.215,136.69477037807684
193,48.215625,136.73154549681297
194,48.21625,136.74039897081818
195,48.216875,136.69222841445375
196,48.2175,136.696041080974
197,48.218125,136.72901427440308
198,48.21875,136.77194505633312
199,48.219375,136.7757228989319
200,48.22,136.74419055602414
201,48.220625,136.71634708586947
202,48.22125,136.71634708586947
203,48.221875,136.72014918251062
204,48.2225,136.71634708586947
205,48.223125,136.70873789603715
206,48.22375,136.73787032752867
207,48.224375,136.74419055602414
208,48.225,136.73281083145548
209,48.225625,136.70746904940017
210,48.22625,136.64634539844525
211,48.226875,136.61690384617225
212,48.2275,136.62459387734128
213,48.228125,136.61562151212723
214,48.22875,136.56030128447955
215,48.229375,136.504626463998
216,48.23,136.5176059787236
217,48.230625,136.56030128447955
218,48.23125,136.53962673823986
219,48.231875,136.4289603803506
220,48.2325,136.53056612681303
221,48.233125,136.53186107868098
222,48.23375,136.47860910251129
223,48.234375,136.4564329060621
224,48.235,136.43419994596752
225,48.235625,136.37639015095073
226,48.23625,136.2596033207896
227,48.236875,136.27295390693794
228,48.2375,136.28894757044975
229,48.238125,136.29693337208926
230,48.23875,136.2742878376229
231,48.239375,136.19119429270535
232,48.24,136.1059383231597
233,48.240625,136.06504422860914
234,48.24125,136.09505204300922
235,48.241875,136.05000135528786
236,48.2425,135.93703498099774
237,48.243125,135.95089028723453
238,48.24375,135.95919287474393
239,48.244375,135.94535081661434
240,48.245,135.88418232692993
241,48.245625,135.8883666174828
242,48.24625,135.88139167963266
243,48.246875,135.85203562329934
244,48.2475,135.90786669862578
245,48.248125,135.8786001354537
246,48.24875,135.82679407930277
247,48.249375,135.87301435414346
248,48.25,135.89394253783996
249,48.250625,135.89115502509523
250,48.25125,135.863230584911
251,48.251875,135.86742497837912
252,48.2525,135.90229971260726
253,48.253125,135.94950575074668
254,48.25375,135.95504257301423
255,48.254375,135.89115502509523
256,48.255,135.85623542496293
257,48.255625,135.9120395978836
258,48.25625,135.94257975593106
259,48.256875,135.98267386604127
260,48.2575,136.03218976054637
261,48.258125,136.06504422860914
262,48.25875,136.0773326856997
263,48.259375,136.09777489244783
264,48.26,136.15205339832988
265,48.260625,136.23552043205808
266,48.26125,136.25292032466237
267,48.261875,136.19657922135772
268,48.2625,136.1831106349436
269,48.263125,136.22881887348316
270,48.26375,136.29027904736478
271,48.264375,136.30358260278837
272,48.265,136.26895088529642
273,48.265625,136.25158310818094
274,48.26625,136.27562156348165
275,48.266875,136.3288033591228
276,48.2675,136.40140068624652
277,48.268125,136.49032656014418
278,48.26875,136.59636374877755
279,48.269375,136.632277106182
280,48.27,136.68841407363064
281,48.270625,136.80839555472974
282,48.27125,136.9143603593332
283,48.271875,137.04471878823773
284,48.2725,137.17795914464008
285,48.273125,137.2223208832279
286,48.27375,137.2914081370686
287,48.274375,137.3951918956482
288,48.275,137.55663782985786
289,48.275625,137.5681377516199
290,48.27625,137.58535913649226
291,48.276875,137.62312642151127
292,48.2775,137.6504907590976
293,48.278125,137.63339815344122
294,48.27875,137.60597982851505
295,48.279375,137.60941185607555
296,48.28,137.57273346053034
297,48.280625,137.50817120154127
298,48.28125,137.4127592642161
299,48.281875,137.3257467816839
300,48.2825,137.23904749842904
301,48.283125,137.15509044118883
302,48.28375,137.07761300249084
303,48.284375,137.00802295994316
304,48.285,136.93045336832574
305,48.285625,136.83344500147268
306,48.28625,136.76816556988373
307,48.286875,136.66676777878794
308,48.2875,136.56288214607574
309,48.288125,136.592507067161
310,48.28875,136.5473854610765
311,48.289375,136.44597742524732
312,48.29,136.27962151272942
313,48.290625,136.21271400551075
314,48.29125,136.16827102800735
315,48.291875,136.12767003648335
316,48.2925,136.01571580655525
317,48.293125,135.96610564043954
318,48.29375,135.9314866642086
319,48.294375,135.87022011585717
320,48.295,135.85483571669496
321,48.295625,135.75770701881848
322,48.29625,135.56881367142466
323,48.296875,135.56447253532193
324,48.2975,135.48011460516418
325,48.298125,135.36091628204832
326,48.29875,135.27454807531396
327,48.299375,135.14184440237867
328,48.3,135.06246489363426
329,48.300625,135.07778662919668
330,48.30125,134.98390084439345
331,48.301875,134.96996253227474
332,48.3025,135.00399455658365
333,48.303125,135.00399455658365
334,48.30375,134.99627170585876
335,48.304375,134.96841244935138
336,48.305,134.91086403996047
337,48.305625,134.93268397875158
338,48.30625,134.876464432075
339,48.306875,134.7629217742412
340,48.3075,134.75180332571443
341,48.308125,134.72155274007892
342,48.30875,134.68799485041134
343,48.309375,134.66073365867157
344,48.31,134.64787519645935
345,48.310625,134.62855174101895
346,48.31125,134.60433681137388
347,48.311875,134.61564551332776
348,48.3125,134.60433681137388
349,48.313125,134.5832957938554
350,48.31375,134.56057908841038
351,48.314375,134.5296539356966
352,48.315,134.4887944679415
353,48.315625,134.43950803171907
354,48.31625,134.4230168749937
355,48.316875,134.27317032416713
356,48.3175,134.0744231985404
357,48.318125,134.02272132185055
358,48.31875,133.99675451734493
359,48.319375,133.92712777466664
360,48.32,133.77195550162338
361,48.320625,133.5703675808023
362,48.32125,133.44195715871433
363,48.321875,133.35279412112823
364,48.3225,133.13920365485697
365,48.323125,132.98669717424283
366,48.32375,132.83344746449373
367,48.324375,132.63698924319635
368,48.325,132.35049069772583
369,48.325625,132.16624085394653
370,48.32625,132.073710992294
371,48.326875,131.80345663192628
372,48.3275,131.59109920801998
373,48.328125,131.42252554168624
374,48.32875,131.2933212850418
375,48.329375,131.25537086033037
376,48.33,131.1356956461405
377,48.330625,130.89623823515552
378,48.33125,130.7008162650232
379,48.331875,130.61679557233043
380,48.3325,130.61167719290236
381,48.333125,130.64744267135754
382,48.33375,130.49051873252753
383,48.334375,130.34391795899947
384,48.335,130.280323608013
385,48.335625,130.13551073213287
386,48.33625,130.01844478380602
387,48.336875,129.94412361407907
388,48.3375,129.96345321273088
389,48.338125,129.93305878501837
390,48.33875,129.84123209025196
391,48.339375,129.6688929619707
392,48.34,129.6688929619707
393,48.340625,129.67174593937787
394,48.34125,129.65175539053536
395,48.341875,129.47557669293448
396,48.3425,129.41702649052235
397,48.343125,129.41408859445576
398,48.34375,129.43463302960103
399,48.344375,129.29575039291873
400,48.345,129.21495083688393
401,48.345625,129.22096183341316
402,48.34625,129.19086516560827
403,48.346875,129.22096183341316
404,48.3475,129.2359711505022
405,48.348125,129.11516406208273
406,48.34875,129.10299042359657
407,48.349375,129.0694246744587
408,48.35,128.9741263981016
409,48.350625,128.78349479686938
410,48.35125,128.6657937039005
411,48.351875,128.57241345343877
412,48.3525,128.36270996850465
413,48.353125,128.28943899258607
414,48.35375,128.2726999439711
415,48.354375,128.28274724368953
416,48.355,128.141016296085
417,48.355625,127.87150406539175
418,48.35625,127.51692872618312
419,48.356875,127.30226863255155
420,48.3575,127.46191974157455
421,48.358125,127.62230161419701
422,48.35875,127.5205836345636
423,48.359375,127.58248292140784
424,48.36,127.72284217861638
425,48.360625,127.90652786138702
426,48.36125,127.92049793217187
427,48.361875,127.89253528544418
428,48.3625,127.89953439109128
429,48.363125,128.0521048383983
430,48.36375,127.97268649076784
431,48.364375,127.84338298979472
432,48.365,127.69781593061109
433,48.365625,127.5132722792177
434,48.36625,127.26847865834353
435,48.366875,127.0475099000104
436,48.3675,127.0475099000104
437,48.368125,127.00496036668326
438,48.36875,126.87211016208344
439,48.369375,126.61233334588877
440,48.37,126.66491397923926
441,48.370625,126.54309024818863
442,48.37125,126.25623652424176
443,48.371875,125.78285671864666
444,48.3725,125.37155943765686
445,48.373125,124.96927435102064
446,48.37375,124.56287215195485
447,48.374375,123.83460786725713
448,48.375,123.29300431868595
449,48.375625,122.93496027261281
450,48.37625,122.3188635387811
451,48.376875,121.78396733610298
452,48.3775,121.1988377612391
453,48.378125,120.39063369062511
454,48.37875,120.06058941107236
455,48.379375,119.47179246854515
456,48.38,118.54740726078047
457,48.380625,119.05584886088184
458,48.38125,118.96825931557203
459,48.381875,118.73027484957787
460,48.3825,118.9975540807375
461,48.383125,119.18082784642188
462,48.38375,119.24738671340043
463,48.384375,119.18082784642188
464,48.385,119.27575654691111
465,48.385625,119.83338014759896
466,48.38625,120.47327836395587
467,48.386875,120.39063369062511
468,48.3875,120.78034643994825
469,48.388125,121.25163968456326
470,48.38875,121.64852601721543
471,48.389375,121.43027610190177
472,48.39,121.4155292568687
473,48.390625,121.57638366197699
474,48.39125,121.69867149873433
475,48.391875,121.80516105862634
476,48.3925,121.76272177401103
477,48.393125,121.42290580902167
478,48.39375,121.50363709237384
479,48.394375,121.45234953090473
480,48.395,121.24411617639426
481,48.395625,121.27417118782836
482,48.39625,120.94549734768358
483,48.396875,120.48971335398335
484,48.3975,120.18051484173822
485,48.398125,119.90392583194358
486,48.39875,119.57273896768947
487,48.399375,119.17127766443934
488,48.4,118.80036310015326
489,48.400625,118.26567803520837
490,48.40125,117.54742691739548
491,48.401875,116.5473854610765
492,48.4025,116.44336158736036
493,48.403125,116.33807678751322
494,48.40375,115.81976950177632
495,48.404375,114.71197799396361
496,48.405,113.99675451734493
497,48.405625,113.76839644005422
498,48.40625,114.23614458082382
499,48.406875,115.04096895638878
500,48.4075,116.17771734719625
501,48.408125,117.65049075909761
502,48.40875,118.28686314238881
503,48.409375,118.68996902487135
504,48.41,118.85008212336162
505,48.410625,118.32907897099851
506,48.41125,117.30207949282257
507,48.411875,116.0143415656477
508,48.4125,114.75974652666862
509,48.413125,112.52680734750085
510,48.41375,109.54242509439325
511,48.414375,105.34343456806027
512,48.415,97.72981450344965
513,48.415625,92.66936911159172
514,48.41625,103.46372536824548
515,48.416875,105.71114618015548
516,48.4175,106.88784547370221
517,48.418125,108.164799306237
518,48.41875,109.71442852963159
519,48.419375,109.33735240708218
520,48.42,110.31747687423359
521,48.420625,111.86572134040915
522,48.42125,112.9280745244614
523,48.421875,112.90844538698184
524,48.4225,112.80962873940844
525,48.423125,113.14111705714208
526,48.42375,113.27401850779296
527,48.424375,112.72975792706731
528,48.425,111.97581013526231
529,48.425625,114.08301033679598
530,48.42625,112.98669717424283
531,48.426875,110.83158487893161
532,48.4275,109.82723387668545
533,48.428125,109.54242509439325
534,48.42875,109.30765702896836
535,48.429375,109.03572871048581
536,48.43,109.12732066258086
537,48.430625,108.36602582639492
538,48.43125,107.19670964679777
539,48.431875,106.23507722111509
540,48.4325,104.136517520637
541,48.433125,100.74852995881247
542,48.43375,94.64787519645937
543,48.434375,100.08642747565287
544,48.435,101.28915978453836
545,48.435625,100.5876755537042
546,48.43625,99.46255707199397
547,48.436875,100.82785370316451
548,48.4375,99.64542466079136
549,48.438125,86.44438589467839
550,48.43875,84.0823996531185
551,48.439375,76.90196080028514
552,48.44,93.06425027550688
553,48.440625,98.58837851428586
554,48.44125,105.66602457407099
555,48.441875,109.24795995797913
556,48.4425,110.29095505320572
557,48.443125,111.68662448735061
558,48.44375,113.29283951112251
559,48.444375,114.87019529456859
560,48.445,115.32825694224799
561,48.445625,116.5731979307064
562,48.44625,117.2545505663595
563,48.446875,116.00058718488269
564,48.4475,116.21808561337401
565,48.448125,116.32482599983567
566,48.44875,115.94535081661434
567,48.449375,114.23614458082382
568,48.45,112.98669717424283
569,48.450625,112.04119982655925
570,48.45125,110.8565085391836
571,48.451875,110.26435200135879
572,48.4525,109.77101433000888
573,48.453125,109.15763793467985
574,48.45375,111.17417141066332
575,48.454375,111.52682700411586
576,48.455,111.26962170788822
577,48.455625,112.66936911159172
578,48.45625,114.20234730223633
579,48.456875,115.40230589574205
580,48.4575,116.16421945848444
581,48.458125,117.45477654945338
582,48.45875,118.43372950967205
583,48.459375,119.1521457412019
584,48.46,119.61823875553688
585,48.460625,120.39893363357685
586,48.46125,121.1533220781966
587,48.461875,121.67721601733146
588,48.4625,122.51612916279055
589,48.463125,123.25128813046038
590,48.46375,123.8457722513624
591,48.464375,124.29157907140998
592,48.465,124.15268734777923
593,48.465625,123.83460786725713
594,48.46625,123.9069211669684
595,48.466875,123.76168747429875
596,48.4675,122.95352648482196
597,48.468125,121.05387883849936
598,48.46875,118.42332101275477
599,48.469375,115.3579523203618
600,48.47,113.80392160057028
601,48.470625,118.92904530026145
602,48.47125,124.17420039812802
603,48.471875,127.8187021420676
604,48.4725,130.4567062732106
605,48.473125,132.27683643752138
606,48.47375,133.51923099284338
607,48.474375,134.35673734973852
608,48.475,134.75339254713282
609,48.475625,134.84035494280275
610,48.47625,134.67357311354175
611,48.476875,134.19387739455584
612,48.4775,133.47515873099152
613,48.478125,132.65926336334522
614,48.47875,131.70921459017
615,48.479375,130.19748570009438
616,48.48,128.35939284429475
617,48.480625,126.14135901322597
618,48.48125,123.59103582330376
619,48.481875,119.88634305339274
620,48.4825,114.5832957938554
621,48.483125,105.05706061959786
622,48.48375,101.79810222878797
623,48.484375,112.25567713439472
624,48.485,116.17771734719625
625,48.485625,117.122488884846
626,48.48625,118.56791704513428
627,48.486875,119.51782272803585
628,48.4875,119.79789127437547
629,48.488125,119.3322197336387
630,48.48875,118.89951816824096
631,48.489375,118.05093558627982
632,48.49,114.2192623799055
633,48.490625,102.86029600508189
634,48.49125,107.04365036222725
635,48.491875,114.20234730223633
636,48.4925,118.14822721549172
637,48.493125,120.39063369062511
638,48.49375,121.79103765772908
639,48.494375,122.78498435143214
640,48.495,123.47537646273301
641,48.495625,124.0060636596317
642,48.49625,124.45952899786782
643,48.496875,124.54230165178251
644,48.4975,124.53199810414715
645,48.498125,124.45952899786782
646,48.49875,124.04431551602264
647,48.499375,123.68246708479342
648,48.5,123.23334824875472
649,48.500625,122.35205383380169
650,48.50125,121.52552510808435
651,48.501875,120.7405575951155
652,48.5025,120.03467425618001
653,48.503125,118.9388654139565
654,48.50375,117.43145871091757
655,48.504375,115.66377382150515
656,48.505,114.79144688900185
657,48.505625,114.28659519490466
658,48.50625,113.73272538524587
659,48.506875,112.90844538698184
660,48.5075,111.86572134040915
661,48.508125,110.04854239968866
662,48.50875,107.92398694191473
663,48.509375,110.02118524435502
664,48.51,109.82723387668545
665,48.510625,108.26599528162504
666,48.51125,104.65992220784308
667,48.511875,105.00840004617787
668,48.5125,104.45432942295167
669,48.513125,101.93820026016112
670,48.51375,98.169700377573
671,48.514375,82.92256071356476
672,48.515,93.80392160057028
673,48.515625,96.77698181474511
674,48.51625,102.47703281934172
675,48.516875,104.34967888427813
676,48.5175,103.40523430789915
677,48.518125,102.9843822531076
678,48.51875,104.86076097372589
679,48.519375,107.12051714386246
680,48.52,108.19866246662588
681,48.520625,106.06392114840978
682,48.52125,100.66847510973899
683,48.521875,78.06179973983888
684,48.5225,97.61627184561583
685,48.523125,105.62066734495454
686,48.52375,110.4749293362313
687,48.524375,112.90844538698184
688,48.525,114.77561116968738
689,48.525625,116.53445040337985
690,48.52625,118.35011019105094
691,48.526875,119.3322197336387
692,48.5275,120.18051484173822
693,48.528125,120.94549734768358
694,48.52875,121.53280887340684
695,48.529375,121.90338702863511
696,48.53,122.3188635387811
697,48.530625,123.03352461694095
698,48.53125,123.50443600686106
699,48.531875,123.89583515443849
700,48.5325,124.24375208807916
701,48.533125,124.83590862590397
702,48.53375,125.19665398126968
703,48.534375,125.50161796913716
704,48.535,125.98578668175361
705,48.535625,125.88491432276237
706,48.53625,125.83625374934238
707,48.536875,126.029281462866
708,48.5375,126.05527416945962
709,48.538125,126.27734440738307
710,48.53875,126.64068554055036
711,48.539375,127.12434268439469
712,48.54,127.24964949502349
713,48.540625,127.39915214692105
714,48.54125,127.75491319217727
715,48.541875,128.11034213952752
716,48.5425,128.4747449996466
717,48.543125,128.8433217156944
718,48.54375,129.19990512094782
719,48.544375,129.53373485891288
720,48.545,129.9136613523383
721,48.545625,130.40705008166637
722,48.54625,130.62957834084511
723,48.546875,130.83408046568576
724,48.5475,131.03875390729675
725,48.548125,131.0703788029794
726,48.54875,131.12122318019064
727,48.549375,131.1188087563702
728,48.55,130.94564615926606
729,48.550625,130.95303316719938
730,48.55125,130.94071799480022
731,48.551875,130.8565085391836
732,48.5525,130.79657116755797
733,48.553125,130.75386388734782
734,48.55375,130.6652703355743
735,48.554375,130.35710837860057
736,48.555,130.48272753185137
737,48.555625,130.65254002457783
738,48.55625,130.713476068515
739,48.556875,130.49311424715555
740,48.5575,130.49830295079732
741,48.558125,130.639791028251
742,48.55875,130.5422822327961
743,48.559375,130.49830295079732
744,48.56,130.40180656225684
745,48.560625,130.15711743391662
746,48.56125,130.0348745925599
747,48.561875,130.01570345834912
748,48.5625,130.07036625448148
749,48.563125,130.03213844837657
750,48.56375,130.02118524435502
751,48.564375,129.98549163784435
752,48.565,129.85241444086384
753,48.565625,129.72577521921133
754,48.56625,129.60013885914302
755,48.566875,129.47849386832314
756,48.5675,129.46973940129138
757,48.568125,129.40820981951862
758,48.56875,129.31954736571646
759,48.569375,129.23896990407525
760,48.57,129.13946027271638
761,48.570625,129.08469791496532
762,48.57125,129.09384898478953
763,48.571875,129.32845444867584
764,48.5725,129.4522039519209
765,48.573125,129.46973940129138
766,48.57375,129.32845444867584
767,48.574375,129.51051830078563
768,48.575,129.75972662258786
769,48.575625,129.95793485826442
770,48.57625,130.24568126563707
771,48.576875,130.49830295079732
772,48.5775,130.71853482791138
773,48.578125,130.94810919334978
774,48.57875,131.1188087563702
775,48.579375,131.3263924304962
776,48.58,131.67304217084086
777,48.580625,131.7967588629492
778,48.58125,131.87679322162543
779,48.581875,131.95390371851025
780,48.5825,132.25567713439472
781,48.583125,132.38186661253485
782,48.58375,132.45670959043042
783,48.584375,132.62278500513622
784,48.585,132.8274989038425
785,48.585625,133.04686110125428
786,48.58625,133.27778597245322
787,48.586875,133.3284874503752
788,48.5875,133.454883966132
789,48.588125,133.62120487263624
790,48.58875,133.7487954909179
791,48.589375,133.89912004499638
792,48.59,134.04516326324188
793,48.590625,134.17861071613234
794,48.59125,134.2714907554414
795,48.591875,134.28156329963713
796,48.5925,134.28156329963713
797,48.593125,134.6108007295424
798,48.59375,134.78828205397392
799,48.594375,134.8497892916355
800,48.595,134.7851160653702
801,48.595625,134.55570348365814
802,48.59625,134.3998765273521
803,48.596875,134.34008814081093
804,48.5975,134.28827184574243
805,48.598125,134.46911344070372
806,48.59875,134.72952364055394
807,48.599375,134.93268397875158
808,48.6,135.13120086013367
809,48.600625,135.33717622042838
810,48.60125,135.54563583342028
811,48.601875,135.62936285683597
812,48.6025,135.73218945297322
813,48.603125,135.83942402041538
814,48.60375,135.91482041738487
815,48.604375,136.0280742003471
816,48.605,136.13716059037637
817,48.605625,136.22881887348316
818,48.60625,136.2569307393414
819,48.606875,136.2649460179521
820,48.6075,136.25024568579965
821,48.608125,136.1817626269269
822,48.60875,135.993701818182
823,48.609375,135.77467717655415
824,48.61,135.57604408026478
825,48.610625,135.36239788369596
826,48.61125,135.17823784795948
827,48.611875,135.02250143071169
828,48.6125,134.85293179877473
829,48.613125,134.93735255700858
830,48.61375,135.0915531208946
831,48.614375,135.1585436622666
832,48.615,135.2114650788879
833,48.615625,135.23555075016355
834,48.61625,135.2445656857295
835,48.616875,135.46109386728526
836,48.6175,135.68521165132168
837,48.618125,135.89115502509523
838,48.61875,136.03081812380637
839,48.619375,136.13580543168132
840,48.62,136.1952333021425
841,48.620625,136.20465035990168
842,48.62125,136.20868311845345
843,48.621875,136.28361962080373
844,48.6225,136.37111558595603
845,48.623125,136.3128829826393
846,48.62375,136.2582671328571
847,48.624375,136.15746264006665
848,48.625,135.975774279025
849,48.625625,135.7916142432885
850,48.62625,135.51657628929226
851,48.626875,135.17672449493918
852,48.6275,134.94201862729972
853,48.628125,134.6943968331136
854,48.62875,134.51006537718632
855,48.629375,134.48223907922423
856,48.63,134.36671157817014
857,48.630625,134.0382642242469
858,48.63125,133.4677915637661
859,48.631875,132.7777684941015
860,48.6325,131.94951579740754
861,48.633125,131.1163936612238
862,48.63375,130.57576383549792
863,48.634375,129.9247509033347
864,48.635,129.4522039519209
865,48.635625,129.2599322405611
866,48.63625,129.02344315025078
867,48.636875,128.84018318281903
868,48.6375,128.53347776042744
869,48.638125,127.60422483423213
870,48.63875,126.96220136960476
871,48.639375,126.19260334851799
872,48.64,125.03762909105055
873,48.640625,124.16345053334243
874,48.64125,123.20937062238075
875,48.641875,122.16453312749857
876,48.6425,121.09226109113776
877,48.643125,120.84363189031534
878,48.64375,120.83574637943502
879,48.644375,120.73257790724324
880,48.645,121.06925209850911
881,48.645625,120.86724556042259
882,48.64625,120.17200343523837
883,48.646875,120.17200343523837
884,48.6475,119.85990196862684
885,48.648125,119.32283465478065
886,48.64875,118.51655149249484
887,48.649375,118.22315217479954
888,48.65,118.06179973983888
889,48.650625,117.9194946471813
890,48.65125,117.33755628674997
891,48.651875,117.46641203630799
892,48.6525,118.10512097496903
893,48.653125,119.10413075083883
894,48.65375,119.9564616149145
895,48.654375,120.70058564404735
896,48.655,121.35629022323681
897,48.655625,122.13061707644762
898,48.65625,123.03352461694095
899,48.656875,123.93457445246574
900,48.6575,124.5680071740601
901,48.658125,125.08128905828676
902,48.65875,125.48777591100757
903,48.659375,125.78285671864666
904,48.66,126.08118932435198
905,48.660625,126.3152098133147
906,48.66125,126.49798994104627
907,48.661875,126.6770029020509
908,48.6625,126.66491397923926
909,48.663125,126.58795758722086
910,48.66375,126.51851911542933
911,48.664375,126.42368054604628
912,48.665,126.37378539895492
913,48.665625,126.36961450349034
914,48.66625,126.32779502146391
915,48.666875,125.95521022198268
916,48.6675,125.45075554750476
917,48.668125,125.1150957328609
918,48.66875,124.61919111497139
919,48.669375,124.136517520637
920,48.67,123.72216759626411
921,48.670625,123.22736004469951
922,48.67125,122.55505031665948
923,48.671875,121.69867149873433
924,48.6725,120.61199443931903
925,48.673125,119.74438459816011
926,48.67375,118.95847239663453
927,48.674375,118.23380317507721
928,48.675,117.00066515379538
929,48.675625,116.35130739119562
930,48.67625,116.19119429270535
931,48.676875,115.6780715854547
932,48.6775,115.05632862376542
933,48.678125,114.43621230425093
934,48.67875,113.97940008672037
935,48.679375,113.25515663363149
936,48.68,113.69690723288825
937,48.680625,115.04096895638878
938,48.68125,115.6923458526575
939,48.681875,116.08278864670702
940,48.6825,116.3777082918802
941,48.683125,116.72648231413504
942,48.68375,117.34934975718103
943,48.684375,117.87523524115886
944,48.685,118.29743635080101
945,48.685625,119.02675037591835
946,48.68625,119.5909674940819
947,48.686875,120.00868154958637
948,48.6875,120.21447730783547
949,48.688125,120.70859476369097
950,48.68875,121.32651850724075
951,48.689375,122.03494147892732
952,48.69,122.74708222741467
953,48.690625,123.16121587873211
954,48.69125,123.4169640728662
955,48.691875,123.80663396340583
956,48.6925,124.27566598670609
957,48.693125,124.62939180861362
958,48.69375,124.74584675134918
959,48.694375,125.19187757771897
960,48.695,125.66149949470943
961,48.695625,126.12850055101374
962,48.69625,126.59609044328138
963,48.696875,126.75317782052284
964,48.6975,126.85634629271465
965,48.698125,127.09369107909458
966,48.69875,127.31350280911835
967,48.699375,127.45455881771191
968,48.7,127.54976766752266
969,48.700625,128.04178701144193
970,48.70125,128.48783108820555
971,48.701875,128.82761769833022
972,48.7025,128.9431606268444
973,48.703125,129.06636680094076
974,48.70375,129.20291634983502
975,48.704375,129.358078930456
976,48.705,129.56555663839208
977,48.705625,129.67459798000047
978,48.70625,129.7427675095437
979,48.706875,129.88587537330665
980,48.7075,130.25635517129746
981,48.708125,130.5422822327961
982,48.70875,130.60143137674757
983,48.709375,130.67035724033934
984,48.71,130.78403198588256
985,48.710625,130.91850658711684
986,48.71125,131.00211998695184
987,48.711875,130.96778836265835
988,48.7125,130.9751565714741
989,48.713125,131.14773764119013
990,48.71375,131.13328524245136
991,48.714375,131.0994691666648
992,48.715,131.0703788029794
993,48.715625,131.0606603240488
994,48.71625,131.15495483282936
995,48.716875,131.19334556776116
996,48.7175,130.97270119629502
997,48.718125,130.87639610285316
998,48.71875,130.8465476554795
999,48.719375,130.86645801293824
1000,48.72,130.78152197585553
1001,48.720625,130.7463054622402
1002,48.72125,130.70334970229888
1003,48.721875,130.5371197425175
1004,48.7225,130.49051873252753
1005,48.723125,130.44105601737644
1006,48.72375,130.34391795899947
1007,48.724375,130.43060682557422
1008,48.725,130.58603995575962
1009,48.725625,130.7235906427445
1010,48.72625,130.56804875907235
1011,48.726875,130.7008162650232
1012,48.7275,130.88880274635383
1013,48.728125,131.00456706110188
1014,48.72875,131.1356956461405
1015,48.729375,131.27910929991626
1016,48.73,131.4411597985261
1017,48.730625,131.69114721051352
1018,48.73125,131.87015178663532
1019,48.731875,132.01074588728937
1020,48.7325,132.1276273022121
1021,48.733125,132.26203033933825
1022,48.73375,132.47945024033993
1023,48.734375,132.7557965872446
1024,48.735,132.7557965872446
1025,48.735625,132.8393919540412
1026,48.73625,132.9476594022924
1027,48.736875,132.99448371859046
1028,48.7375,133.1046901406859
1029,48.738125,133.21730956007738
1030,48.73875,133.31161982035906
1031,48.739375,133.22110169706758
1032,48.74,133.17358057164898
1033,48.740625,133.17548641688714
1034,48.74125,133.26647867256423
1035,48.741875,133.3303596110976
1036,48.7425,133.37144538369114
1037,48.743125,133.38261694746666
1038,48.74375,133.19452190475585
1039,48.744375,132.98864446483233
1040,48.745,132.80366383842681
1041,48.745625,132.81161612979307
1042,48.74625,132.91630236593284
1043,48.746875,133.00809339736065
1044,48.7475,133.00226328887143
1045,48.748125,132.85126874208777
1046,48.74875,132.77976318687362
1047,48.749375,132.7957042597364
1048,48.75,132.71570471067304
1049,48.750625,132.683497435252
1050,48.75125,132.65319426587826
1051,48.751875,132.5575538915994
1052,48.7525,132.6207539307348
1053,48.753125,132.6572408020046
1054,48.75375,132.62887538026345
1055,48.754375,132.59430665294263
1056,48.755,132.73176367459686
1057,48.755625,132.9359137755694
1058,48.75625,133.02168178486022
1059,48.756875,133.17548641688714
1060,48.7575,133.34905905779908
1061,48.758125,133.53021420565108
1062,48.75875,133.63025173277924
1063,48.759375,133.81455087740736
1064,48.76,134.05550155802086
1065,48.760625,134.27484956818165
1066,48.76125,134.45103324001917
1067,48.761875,134.60272007993356
1068,48.7625,134.73270995373642
1069,48.763125,134.87176300319808
1070,48.76375,135.02558207966683
1071,48.764375,135.1933568937926
1072,48.765,135.3698021034249
1073,48.765625,135.4786529493529
1074,48.76625,135.5441851629137
1075,48.766875,135.5731526389471
1076,48.7675,135.64515147326605
1077,48.768125,135.71371336561805
1078,48.76875,135.76478194764337
1079,48.769375,135.6923458526575
1080,48.77,135.6780715854547
1081,48.770625,135.71229049893648
1082,48.77125,135.79443387961842
1083,48.771875,135.89951488102264
1084,48.7725,135.99507932823772
1085,48.773125,136.0759681597935
1086,48.77375,136.27161977136385
1087,48.774375,136.43027056809547
1088,48.775,136.53574477632586
1089,48.775625,136.5176059787236
1090,48.77625,136.52797564375237
1091,48.776875,136.52927098185603
1092,48.7775,136.503327445131
1093,48.778125,136.56030128447955
1094,48.77875,136.5331558375174
1095,48.779375,136.4289603803506
1096,48.78,136.308898324887
1097,48.780625,136.14934751368557
1098,48.78125,136.0280742003471
1099,48.781875,136.0280742003471
1100,48.7825,136.01983722520342
1101,48.783125,135.9647235273587
1102,48.78375,135.87301435414346
1103,48.784375,135.92037938694298
1104,48.785,135.90508365161764
1105,48.785625,135.89812213033608
1106,48.78625,136.00609155112397
1107,48.786875,136.05000135528786
1108,48.7875,136.06641047157507
1109,48.788125,136.06504422860914
1110,48.78875,136.18445843378845
1111,48.789375,136.28894757044975
1112,48.79,136.36583781599992
1113,48.790625,136.38034397378118
1114,48.79125,136.38561293944963
1115,48.791875,136.3987713871079
1116,48.7925,136.42633941182194
1117,48.793125,136.46165593065606
1118,48.79375,136.55901056605262
1119,48.794375,136.69222841445375
1120,48.795,136.77446380062744
1121,48.795625,136.80839555472974
1122,48.79625,136.82718940909712
1123,48.796875,136.85343267521577
1124,48.7975,136.93663505646515
1125,48.798125,136.98224332369153
1126,48.79875,136.99698391210515
1127,48.799375,137.10432389466726
1128,48.8,137.3198360025255
1129,48.800625,137.58191759000147
1130,48.80125,137.8507960931727
1131,48.801875,138.02480604146618
1132,48.8025,137.98546374635208
1133,48.803125,137.6902431838079
1134,48.80375,136.98101381139023
1135,48.804375,136.26093930320218
1136,48.805,135.64084833241108
1137,48.805625,135.439094979279
1138,48.80625,135.47572889962387
1139,48.806875,135.65947989888096
1140,48.8075,135.97439370370014
1141,48.808125,136.12359947967775
1142,48.80875,136.31553840596726
1143,48.809375,136.5460928217947
1144,48.81,136.82593774980563
1145,48.810625,137.17675702857173
1146,48.81125,137.48963635398934
1147,48.811875,137.70722440063022
1148,48.8125,137.4197762752115
1149,48.813125,136.8509367299003
1150,48.81375,136.01846363626439
1151,48.814375,135.1555098202385
1152,48.815,134.3982212839668
1153,48.815625,133.8481246966726
1154,48.81625,133.72020582630572
1155,48.816875,134.08472674617576
1156,48.8175,134.64304836130427
1157,48.818125,135.29995198569762
1158,48.81875,135.66234274980934
1159,48.819375,135.96748753363124
1160,48.82,136.1952333021425
1161,48.820625,136.2862840041492
1162,48.82125,136.37902623280345
1163,48.821875,136.35527264560736
1164,48.8225,136.17501944699188
1165,48.823125,136.0280742003471
1166,48.82375,135.85063523802614
1167,48.824375,135.65947989888096
1168,48.825,135.48157601505036
1169,48.825625,135.5499863918073
1170,48.82625,135.73218945297322
1171,48.826875,135.993701818182
1172,48.8275,136.73407598179463
1173,48.828125,137.4186071669739
1174,48.82875,137.9876541106653
1175,48.829375,138.21462196086762
1176,48.83,138.0975553392681
1177,48.830625,137.7658369071303
1178,48.83125,137.23546593437388
1179,48.831875,136.78830385367786
1180,48.8325,136.40008613616635
1181,48.833125,136.07323846472448
1182,48.83375,135.77608986089297
1183,48.834375,135.62648911333974
1184,48.835,135.55578374869737
1185,48.835625,135.50638243658955
1186,48.83625,135.53838005684094
1187,48.836875,135.53111821406526
1188,48.8375,135.46695083961646
1189,48.838125,135.51657628929226
1190,48.83875,135.52821177614686
1191,48.839375,135.5861565516717
1192,48.84,135.87580769381637
1193,48.840625,135.97439370370014
1194,48.84125,136.03356118071787
1195,48.841875,136.0936902981388
1196,48.8425,136.22077017208431
1197,48.843125,136.17906598311822
1198,48.84375,135.9909461425123
1199,48.844375,135.68663896044296
1200,48.845,135.4684144658122
1201,48.845625,135.33271772620535
1202,48.84625,135.29696714386822
1203,48.846875,135.4464341344584
1204,48.8475,135.69091948109045
1205,48.848125,135.99232408962996
1206,48.84875,136.1858060235263
1207,48.849375,136.27161977136385
1208,48.85,136.27562156348165
1209,48.850625,136.19388717433847
1210,48.85125,136.03767414250478
1211,48.851875,135.89951488102264
1212,48.8525,135.7958433546135
1213,48.853125,135.68949287525032
1214,48.85375,135.6837841076192
1215,48.854375,135.68949287525032
1216,48.855,135.56302500767288
1217,48.855625,135.45962900689926
1218,48.85625,135.36832176432662
1219,48.856875,135.2865121125197
1220,48.8575,135.20543321084125
1221,48.858125,135.25357127454873
1222,48.85875,135.39640515527185
1223,48.859375,135.58471263351726
1224,48.86,135.75345929374987
1225,48.860625,135.92593480103582
1226,48.86125,136.1127353261187
1227,48.861875,136.14664078582382
1228,48.8625,136.1330944798372
1229,48.863125,136.08006109459225
1230,48.86375,135.98267386604127
1231,48.864375,135.82538961820538
1232,48.865,135.62073877242264
1233,48.865625,135.36832176432662
1234,48.86625,135.13728448121097
1235,48.866875,134.89837084882706
1236,48.8675,134.6623396288413
1237,48.868125,134.53617365049928
1238,48.86875,134.4674713403797
1239,48.869375,134.43621230425092
1240,48.87,134.42466740034556
1241,48.870625,134.45267845067625
1242,48.87125,134.52802324205845
1243,48.871875,134.64787519645935
1244,48.8725,134.58815593926136
1245,48.873125,134.5930133667184
1246,48.87375,134.64465760440996
1247,48.874375,134.72633615808218
1248,48.875,134.65430680699987
1249,48.875625,134.53780281483643
1250,48.87625,134.40980136900103
1251,48.876875,134.30167341389853
1252,48.8775,134.26645009974055
1253,48.878125,134.26981086187885
1254,48.87875,134.20742528521527
1255,48.879375,134.35840051673986
1256,48.88,134.56545195790034
1257,48.880625,134.74544353071087
1258,48.88125,134.62532698150983
1259,48.881875,134.40649434834884
1260,48.8825,134.13435564673517
1261,48.883125,134.05894492363112
1262,48.88375,134.14629267177415
1263,48.884375,134.28994817299613
1264,48.885,134.4015314553628
1265,48.885625,134.42631761211797
1266,48.88625,134.26476923091323
1267,48.886875,133.88859381914165
1268,48.8875,133.34158410928433
1269,48.888125,132.65521776958877
1270,48.88875,131.88342958229825
1271,48.889375,131.15735923136046
1272,48.89,130.4723283810874
1273,48.890625,129.8747360455368
1274,48.89125,129.40526893930158
1275,48.891875,128.7961242278666
1276,48.8925,128.27605033538703
1277,48.893125,127.82576097190596
1278,48.89375,127.36945676880724
1279,48.894375,127.08601124690719
1280,48.895,126.97388380531082
1281,48.895625,127.07832461840725
1282,48.89625,127.04365036222725
1283,48.896875,127.36201703418702
1284,48.8975,127.87852013171674
1285,48.898125,127.92747455073012
1286,48.89875,128.2020415328572
1287,48.899375,128.43865626557016
1288,48.9,128.428787804401
1289,48.900625,128.62727528317976
1290,48.90125,128.77717318841124
1291,48.901875,128.85586451879539
1292,48.9025,128.83390271281434
1293,48.903125,128.84959538128896
1294,48.90375,128.81188523679663
1295,48.904375,128.57241345343877
1296,48.905,128.63049168374903
1297,48.905625,128.67219686647437
1298,48.90625,128.63049168374903
1299,48.906875,128.65297320026212
1300,48.9075,128.47801837056832
1301,48.908125,128.1205788992723
1302,48.90875,127.54612502136398
1303,48.909375,127.41396185151153
1304,48.91,127.3359276657346
1305,48.910625,127.14344515446066
1306,48.91125,126.65684533988703
1307,48.911875,126.26468583389448
1308,48.9125,125.9814252005482
1309,48.913125,125.81849118765507
1310,48.91375,125.48777591100757
1311,48.914375,125.18231688370133
1312,48.915,125.07160579124366
1313,48.915625,124.95455665819446
1314,48.91625,124.80099544225295
1315,48.916875,124.63958053663008
1316,48.9175,124.72570554896058
1317,48.918125,124.65992220784308
1318,48.91875,124.61919111497139
1319,48.919375,124.82096301343289
1320,48.92,124.86572292166892
1321,48.920625,124.89049023140167
1322,48.92125,124.94473099013527
1323,48.921875,125.43218602757663
1324,48.9225,125.47391175860184
1325,48.923125,125.32933790880483
1326,48.92375,125.40891816035925
1327,48.924375,125.86725109422892
1328,48.925,126.04228753912402
1329,48.925625,125.71114618015548
1330,48.92625,125.58877576574041
1331,48.926875,125.38091419315245
1332,48.9275,125.11027425639068
1333,48.928125,124.86076097372589
1334,48.92875,124.86572292166892
1335,48.929375,124.79599636894199
1336,48.93,124.43349994141539
1337,48.930625,123.80663396340583
1338,48.93125,123.42282302056765
1339,48.931875,123.34634669496353
1340,48.9325,123.56226504629264
1341,48.933125,123.4169640728662
1342,48.93375,123.29300431868595
1343,48.934375,123.59103582330376
1344,48.935,123.39936347993785
1345,48.935625,123.1913438646724
1346,48.93625,123.07019978601674
1347,48.936875,123.21537123722257
1348,48.9375,122.99054027508696
1349,48.938125,122.61310698044062
1350,48.93875,122.36529452178958
1351,48.939375,122.43775970207363
1352,48.94,122.411478624117
1353,48.940625,122.1713004746567
1354,48.94125,122.30555182791802
1355,48.941875,122.17806255334625
1356,48.9425,121.959021419883
1357,48.943125,122.07607441911915
1358,48.94375,122.45741845728871
1359,48.944375,122.56798537435613
1360,48.945,122.11701348770288
1361,48.945625,122.34542591311529
1362,48.94625,122.45087048137508
1363,48.946875,122.47703281934172
1364,48.9475,122.63237328698251
1365,48.948125,122.8101608607636
1366,48.94875,122.99054027508696
1367,48.949375,123.13098302663562
1368,48.95,123.49282385320898
1369,48.950625,123.8513490667309
1370,48.95125,124.16882712877134
1371,48.951875,124.31275126870122
1372,48.9525,124.56287215195485
1373,48.953125,124.99863513268389
1374,48.95375,125.77839211323453
1375,48.954375,125.9683276012259
1376,48.955,126.17128827122478
1377,48.955625,126.48564910595385
1378,48.95625,126.82869049156281
1379,48.956875,127.15869694000908
1380,48.9575,127.4508760151814
1381,48.958125,127.64754606936228
1382,48.95875,127.84338298979472
1383,48.959375,128.04522764909362
1384,48.96,128.26599528162504
1385,48.960625,128.63049168374903
1386,48.96125,128.7992787184181
1387,48.961875,128.83704351546584
1388,48.9625,128.90273937426608
1389,48.963125,128.86838923565634
1390,48.96375,128.89650399019496
1391,48.964375,129.0968972001702
1392,48.965,129.28979094867944
1393,48.965625,129.46389818409875
1394,48.96625,129.61450757976974
1395,48.966875,129.69169058565686
1396,48.9675,129.75407726327452
1397,48.968125,129.83843425172302
1398,48.96875,129.99099251810298
1399,48.969375,130.01570345834912
1400,48.97,129.98273989074767
1401,48.970625,129.89422050410525
1402,48.97125,129.77101433000888
1403,48.971875,129.70306699807304
1404,48.9725,129.66318419433958
1405,48.973125,129.6259854666571
1406,48.97375,129.59438470879144
1407,48.974375,129.6288525700461
1408,48.975,129.75407726327452
1409,48.975625,129.74559632886138
1410,48.97625,129.68314848730762
1411,48.976875,129.63458393920033
1412,48.9775,129.79916958849668
1413,48.978125,129.9302903739549
1414,48.97875,130.0348745925599
1415,48.979375,130.10842655166562
1416,48.98,130.1652061102467
1417,48.980625,130.13551073213287
1418,48.98125,130.0839783707889
1419,48.981875,130.34655764588746
1420,48.9825,130.50089614073693
1421,48.983125,130.67544116769437
1422,48.98375,130.9702451268207
1423,48.984375,131.1645684360665
1424,48.985,131.34052732318122
1425,48.985625,131.5245227489921
1426,48.98625,131.81683669563205
1427,48.986875,132.06505323963293
1428,48.9875,132.28739679096577
1429,48.988125,132.49182918253697
1430,48.98875,132.6004170222682
1431,48.989375,132.66734890234014
1432,48.99,132.7116853262246
1433,48.990625,132.87497370919053
1434,48.99125,133.0989245316869
1435,48.991875,133.33410272239797
1436,48.9925,133.48619777882953
1437,48.993125,133.62482474751175
1438,48.99375,133.73093798126013
1439,48.994375,133.79150431519878
1440,48.995,133.87453897847294
1441,48.995625,133.97418698885173
1442,48.99625,134.07270475167792
1443,48.996875,134.10187221095748
1444,48.9975,134.12240219405408
1445,48.998125,134.20742528521527
1446,48.99875,134.4230168749937
1447,48.999375,134.3716944005487
1448,49.0,134.33341951120272
1449,49.000625,134.32674575779097
1450,49.00125,134.3100389058657
1451,49.001875,134.32006687269597
1452,49.0025,134.32006687269597
1453,49.003125,134.26308803674598
1454,49.00375,134.21588199860653
1455,49.004375,134.21757235370347
1456,49.005,134.26645009974055
1457,49.005625,134.1275271167938
1458,49.00625,134.07785907265088
1459,49.006875,134.07270475167792
1460,49.0075,134.05550155802086
1461,49.008125,133.9898169054441
1462,49.00875,133.88859381914165
1463,49.009375,133.7505792242927
1464,49.01,133.82870304288124
1465,49.010625,133.87102171191827
1466,49.01125,133.8780548213212
1467,49.011875,133.83577048805395
1468,49.0125,133.7577104969741
1469,49.013125,133.6987016528178
1470,49.01375,133.6987016528178
1471,49.014375,133.63567532935764
1472,49.015,133.56854644867735
1473,49.015625,133.49171204605827
1474,49.01625,133.35279412112823
1475,49.016875,133.29471937037408
1476,49.0175,133.2702494083031
1477,49.018125,133.2513793386652
1478,49.01875,133.15067775115972
1479,49.019375,133.01780155712623
1480,49.02,132.86312931239414
1481,49.020625,132.77577334314796
1482,49.02125,132.69156045707777
1483,49.021875,132.60855750050047
1484,49.0225,132.51858985432588
1485,49.023125,132.45670959043042
1486,49.02375,132.39647000914556
1487,49.024375,132.33161060171773
1488,49.025,132.17265978980072
1489,49.025625,132.1576748871398
1490,49.02625,132.22809275423185
1491,49.026875,132.24931927906286
1492,49.0275,132.25355836633003
1493,49.028125,132.23446616014684
1494,49.02875,132.1833474860404
1495,49.029375,132.2238412173687
1496,49.03,132.24719895935547
1497,49.030625,132.23234221108672
1498,49.03125,132.0866814620582
1499,49.031875,132.01510299279238
1500,49.0325,131.93194191252923
1501,49.033125,131.76767536757455
1502,49.03375,131.7384941628964
1503,49.034375,131.69566757993016
1504,49.035,131.60709322213182
1505,49.035625,131.30751005428147
1506,49.03625,131.21486602109425
1507,49.036875,131.1693712504759
1508,49.0375,130.98006524051576
1509,49.038125,130.83657533562626
1510,49.03875,130.72864351644026
1511,49.039375,130.64999172189323
1512,49.04,130.59117346042325
1513,49.040625,130.5886070873397
1514,49.04125,130.634686185531
1515,49.041875,130.7210631031841
1516,49.0425,130.77398759084812
1517,49.043125,130.78403198588256
1518,49.04375,130.7513451430535
1519,49.044375,130.86645801293824
1520,49.045,130.86894360163402
1521,49.045625,130.80158177608345
1522,49.04625,130.82908857495178
1523,49.046875,130.87887884965812
1524,49.0475,130.90861658930703
1525,49.048125,130.88384221530066
1526,49.04875,130.93578703262517
1527,49.049375,131.0216773037156
1528,49.05,131.11397789437802
1529,49.050625,131.08008642023808
1530,49.05125,131.14533057739808
1531,49.051875,131.27436679931355
1532,49.0525,131.4574320440096
1533,49.053125,131.697926882749
1534,49.05375,131.85463532787924
1535,49.054375,131.92314161832346
1536,49.055,132.09963259214862
1537,49.055625,132.2831741901835
1538,49.05625,132.47532000267861
1539,49.056875,132.68148050974935
1540,49.0575,132.75779633161582
1541,49.058125,132.79968496083177
1542,49.05875,132.8314650635635
1543,49.059375,132.82551514463825
1544,49.06,132.81956114716664
1545,49.060625,132.81161612979307
1546,49.06125,132.79769483832607
1547,49.061875,132.79371322485363
1548,49.0625,132.78972978537172
1549,49.063125,132.77577334314796
1550,49.06375,132.70364097312535
1551,49.064375,132.5759497113342
1552,49.065,132.40688599508988
1553,49.065625,132.278949535607
1554,49.06625,132.03685579564197
1555,49.066875,131.81460811585382
1556,49.0675,131.7384941628964
1557,49.068125,131.55672682585487
1558,49.06875,131.46903644070971
1559,49.069375,131.4759916443148
1560,49.07,131.30987259737725
1561,49.070625,131.1284624274257
1562,49.07125,130.99477462529796
1563,49.071875,131.0192350459635
1564,49.0725,131.11397789437802
1565,49.073125,131.26962170788823
1566,49.07375,131.48062535455438
1567,49.074375,131.55902255459512
1568,49.075,131.6843622423481
1569,49.075625,131.84353514791735
1570,49.07625,132.02163455568046
1571,49.076875,132.15124486367176
1572,49.0775,132.24507812192874
1573,49.078125,132.3021597488639
1574,49.07875,132.57799128841214
1575,49.079375,132.77178166585435
1576,49.08,132.89074115556815
1577,49.080625,132.96329557148002
1578,49.08125,133.15258862777904
1579,49.081875,133.33784422133073
1580,49.0825,133.43826024883174
1581,49.083125,133.60671026829127
1582,49.08375,133.82339868263207
1583,49.084375,134.06582756237322
1584,49.085,134.20573295405782
1585,49.085625,134.34175449854038
1586,49.08625,134.46418620810223
1587,49.086875,134.55407767370707
1588,49.0875,134.65591396578657
1589,49.088125,134.7565701179157
1590,49.08875,134.85293179877473
1591,49.089375,134.94823615772847
1592,49.09,134.99627170585876
1593,49.090625,135.00553830307985
1594,49.09125,134.97925722512323
1595,49.091875,134.93112722820737
1596,49.0925,134.89211750828477
1597,49.093125,134.8701952945686
1598,49.09375,134.6943968331136
1599,49.094375,134.56057908841038
1600,49.095,134.51823264590098
1601,49.095625,134.73748723296845
1602,49.09625,134.99936167018805
1603,49.096875,135.34014727899608
1604,49.0975,135.79725260092764
1605,49.098125,136.07460341949087
1606,49.09875,136.37111558595603
1607,49.099375,136.66931720341384
1608,49.1,136.8284408880472
1609,49.100625,136.88457162603257
1610,49.10125,136.88581486508687
1611,49.101875,136.84719146661348
1612,49.1025,136.80086661206988
1613,49.103125,136.7467173603003
1614,49.10375,136.6871422543681
1615,49.104375,136.69985207466058
1616,49.105,136.72774838652822
1617,49.105625,136.77320451977883
1618,49.10625,136.85468037896538
1619,49.106875,136.9378708663325
1620,49.1075,137.0459393165385
1621,49.108125,137.18516834934613
1622,49.10875,137.2616965064072
1623,49.109375,137.4010516338709
1624,49.11,137.55893903258377
1625,49.110625,137.63225744956696
1626,49.11125,137.72981450344963
1627,49.111875,137.79723442516377
1628,49.1125,137.8050661030907
1629,49.113125,137.83074915345128
1630,49.11375,137.84411891951547
1631,49.114375,137.8685768355909
1632,49.115,138.01061964905512
1633,49.115625,138.02916642792223
1634,49.11625,138.02044346496157
1635,49.116875,138.04984842317208
1636,49.1175,138.07265032168476
1637,49.118125,138.09106525953547
1638,49.11875,138.1062012423217
1639,49.119375,138.11699653284637
1640,49.12,138.10512097496903
1641,49.120625,138.123467272881
1642,49.12125,138.25081765581277
1643,49.121875,138.23805992088066
1644,49.1225,138.19860519505662
1645,49.123125,138.15574886221233
1646,49.12375,138.14930213531713
1647,49.124375,138.16219080785106
1648,49.125,138.16648278552358
1649,49.125625,138.0932291583105
1650,49.12625,138.0932291583105
1651,49.126875,138.09214727630896
1652,49.1275,138.05854192034525
1653,49.128125,138.0029712143869
1654,49.12875,138.01171173299923
1655,49.129375,138.0422344689601
1656,49.13,137.94594244118994
1657,49.130625,137.99750392042023
1658,49.13125,138.0693965701434
1659,49.131875,138.08781840024724
1660,49.1325,138.06179973983888
1661,49.133125,138.0899831079564
1662,49.13375,138.15574886221233
1663,49.134375,138.10512097496903
1664,49.135,138.11807532433232
1665,49.135625,138.17398864704447
1666,49.13625,138.2677988726351
1667,49.136875,138.33539368566272
1668,49.1375,138.37528062055998
1669,49.138125,138.38679273574826
1670,49.13875,138.42644487167644
1671,49.139375,138.46073337341574
1672,49.14,138.46902539279301
1673,49.140625,138.405597892659
1674,49.14125,138.40351044020048
1675,49.141875,138.40977129316596
1676,49.1425,138.40977129316596
1677,49.143125,138.44204733615214
1678,49.14375,138.4274859083695
1679,49.144375,138.39411069098242
1680,49.145,138.41915411910898
1681,49.145625,138.4326892210741
1682,49.14625,138.44516446865933
1683,49.146875,138.45865913110424
1684,49.1475,138.4762744218238
1685,49.148125,138.46384380841334
1686,49.14875,138.43372950967205
1687,49.149375,138.46177030884797
1688,49.15,138.44412554878033
1689,49.150625,138.41915411910898
1690,49.15125,138.41498522551416
1691,49.151875,138.41185724169617
1692,49.1525,138.39933402966776
1693,49.153125,138.3773748676197
1694,49.15375,138.3532604865475
1695,49.154375,138.24869266751148
1696,49.155,138.1320874344996
1697,49.155625,138.09971762198725
1698,49.15625,138.0759028548207
1699,49.156875,138.0378806394764
1700,49.1575,137.97779311853174
1701,49.158125,137.91839090620033
1702,49.15875,137.853020677546
1703,49.159375,137.79499550528075
1704,49.16,137.771451937152
1705,49.160625,137.7309424678221
1706,49.16125,137.69703965491996
1707,49.161875,137.68117294187877
1708,49.1625,137.65390524763194
1709,49.163125,137.64935229790743
1710,49.16375,137.65390524763194
1711,49.164375,137.62312642151127
1712,49.165,137.6675497949668
1713,49.165625,137.7015676829845
1714,49.16625,137.6675497949668
1715,49.166875,137.72078551132884
1716,49.1675,137.8073024289625
1717,49.168125,137.91507884147455
1718,49.16875,138.00078470974648
1719,49.169375,138.04441056558628
1720,49.17,138.082404269524
1721,49.170625,138.14822721549172
1722,49.17125,138.21675529985367
1723,49.171875,138.32907897099852
1724,49.1725,138.49385406040372
1725,49.173125,138.67379417915788
1726,49.17375,138.825258186379
1727,49.174375,138.95553416929476
1728,49.175,139.07036162889986
1729,49.175625,139.10220461941103
1730,49.17625,139.12240772786038
1731,49.176875,139.1511880379496
1732,49.1775,139.16745464957214
1733,49.178125,139.2160724982354
1734,49.17875,139.2748123771577
1735,49.179375,139.2748123771577
1736,49.18,139.35750891096066
1737,49.180625,139.4227325895361
1738,49.18125,139.409726976953
1739,49.181875,139.42366081712325
1740,49.1825,139.41623221745036
1741,49.183125,139.39670186151596
1742,49.18375,139.44035197348032
1743,49.184375,139.4357187575823
1744,49.185,139.41716113993004
1745,49.185625,139.41344485379437
1746,49.18625,139.47548387941163
1747,49.186875,139.5508141189307
1748,49.1875,139.6273101815709
1749,49.188125,139.60279555491508
1750,49.18875,139.662598494694
1751,49.189375,139.7443845981601
1752,49.19,139.75957831750964
1753,49.190625,139.81032888056458
1754,49.19125,139.85195392204076
1755,49.191875,139.87489513108923
1756,49.1925,139.98435131060208
1757,49.193125,140.0528229800008
1758,49.19375,140.0881472835266
1759,49.194375,140.1027519181773
1760,49.195,140.1856176851072
1761,49.195625,140.24408592061485
1762,49.19625,140.23310021449555
1763,49.196875,140.2820064303924
1764,49.1975,140.35985475532866
1765,49.198125,140.44939225535538
1766,49.19875,140.48560752094158
1767,49.199375,140.51594482620584
1768,49.2,140.54862315533808
1769,49.200625,140.58929893276473
1770,49.20125,140.6111849058231
1771,49.201875,140.60389570713502
1772,49.2025,140.57386456787833
1773,49.203125,140.57386456787833
1774,49.20375,140.5852399160835
1775,49.204375,140.60632611977172
1776,49.205,140.63866680551212
1777,49.205625,140.5941672502979
1778,49.20625,140.5510690810044
1779,49.206875,140.52576124047886
1780,49.2075,140.5011993719916
1781,49.208125,140.45681221753054
1782,49.20875,140.39395461960385
1783,49.209375,140.30551813363752
1784,49.21,140.2237937521998
1785,49.210625,140.1779622954188
1786,49.21125,140.1839170703904
1787,49.211875,140.160926123167
1788,49.2125,140.1224721242371
1789,49.213125,140.08728742215504
1790,49.21375,140.12504102738728
1791,49.214375,140.1301765555058
1792,49.215,140.13958381148552
1793,49.215625,140.17711127992425
1794,49.21625,140.2254865780945
1795,49.216875,140.2710686108335
1796,49.2175,140.31892487315133
1797,49.218125,140.40639680714617
1798,49.21875,140.44609245870137
1799,49.219375,140.4658724607321
1800,49.22,140.48560752094158
1801,49.220625,140.5003794456552
1802,49.22125,140.5502538489762
1803,49.221875,140.6362454266074
1804,49.2225,140.64753942419873
1805,49.223125,140.64592689478945
1806,49.22375,140.65962386194735
1807,49.224375,140.74454469164547
1808,49.225,140.7676338293539
1809,49.225625,140.7771700311953
1810,49.22625,140.78510887612973
1811,49.226875,140.774786962095
1812,49.2275,140.78748911536948
1813,49.228125,140.80809057828318
1814,49.22875,140.78986870251867
1815,49.229375,140.8183730149705
1816,49.23,140.83574637943502
1817,49.230625,140.80967328412538
1818,49.23125,140.83653525275088
1819,49.231875,140.83653525275088
1820,49.2325,140.81362878746717
1821,49.233125,140.79779595472363
1822,49.23375,140.8065075839945
1823,49.234375,140.82469462342863
1824,49.235,140.84047854497734
1825,49.235625,140.85623383614296
1826,49.23625,140.85938146786359
1827,49.236875,140.84993514867472
1828,49.2375,140.8522976917705
1829,49.238125,140.8262743069172
1830,49.23875,140.7914547318553
1831,49.239375,140.77319788604993
1832,49.24,140.7700188615335
1833,49.240625,140.76445276737437
1834,49.24125,140.74852995881247
1835,49.241875,140.6499576571422
1836,49.2425,140.6111849058231
1837,49.243125,140.5957894166371
1838,49.24375,140.5322993586935
1839,49.244375,140.5102134570516
1840,49.245,140.48149974614853
1841,49.245625,140.4262673096939
1842,49.24625,140.38897274987275
1843,49.246875,140.3440068704767
1844,49.2475,140.2878903254707
1845,49.248125,140.2017569399705
1846,49.24875,140.1839170703904
1847,49.249375,140.15324893074552
1848,49.25,140.0476414986552
1849,49.250625,139.99913136760387
1850,49.25125,139.93811021391332
1851,49.251875,139.87753829882422
1852,49.2525,139.96344243878883
1853,49.253125,139.95296909792413
1854,49.25375,139.92673036191567
1855,49.254375,139.96780260636095
1856,49.255,139.95296909792413
1857,49.255625,139.9442316566501
1858,49.25625,139.9503487882945
1859,49.256875,139.91182648504707
1860,49.2575,139.96082528726856
1861,49.258125,140.02601866040837
1862,49.25875,139.98174045251776
1863,49.259375,139.96605880197083
1864,49.26,139.95384235883452
1865,49.260625,139.9354854172261
1866,49.26125,139.8916216251979
1867,49.261875,139.8810612717535
1868,49.2625,139.88810293378333
1869,49.263125,139.8554872851071
1870,49.26375,139.84311422085233
1871,49.264375,139.83869099437896
1872,49.265,139.83869099437896
1873,49.265625,139.85901921140893
1874,49.26625,139.84134520055332
1875,49.266875,139.7987802656907
1876,49.2675,139.81654101134956
1877,49.268125,139.8324946906801
1878,49.26875,139.8298377782032
1879,49.269375,139.78454547461072
1880,49.27,139.7604712385732
1881,49.270625,139.70403716729143
1882,49.27125,139.61460753071893
1883,49.271875,139.5991578668133
1884,49.2725,139.58003496949442
1885,49.273125,139.54166240631704
1886,49.27375,139.45423681094132
1887,49.274375,139.4190186869085
1888,49.275,139.34627836574168
1889,49.275625,139.21036685561415
1890,49.27625,139.1808278464219
1891,49.276875,139.13585040740992
1892,49.2775,139.06939486506803
1893,49.278125,138.95749309795397
1894,49.27875,138.90937170263638
1895,49.279375,138.86890098050063
1896,49.28,138.81232164674816
1897,49.280625,138.82923478694659
1898,49.28125,138.81431313813326
1899,49.281875,138.77139512442122
1900,49.2825,138.73730917951247
1901,49.283125,138.7111529018603
1902,49.28375,138.70510563568095
1903,49.284375,138.73529995219883
1904,49.285,138.6311913418161
1905,49.285625,138.5679170451343
1906,49.28625,138.55356528275985
1907,49.286875,138.49695265951075
1908,49.2875,138.45554683857597
1909,49.288125,138.4139426893984
1910,49.28875,138.3532604865475
1911,49.289375,138.34170381281135
1912,49.29,138.28368866846492
1913,49.290625,138.16111748197534
1914,49.29125,138.1385469461791
1915,49.291875,138.15145157597104
1916,49.2925,138.16004402345106
1917,49.293125,138.08348736568325
1918,49.29375,138.06505633787918
1919,49.294375,138.00952742778514
1920,49.295,137.87079687129324
1921,49.295625,137.8463452144496
1922,49.29625,137.82628798764284
1923,49.296875,137.79275600813335
1924,49.2975,137.6902431838079
1925,49.298125,137.60597982851505
1926,49.29875,137.5347459428133
1927,49.299375,137.475709216364
1928,49.3,137.4010516338709
1929,49.300625,137.3951918956482
1930,49.30125,137.42561945715946
1931,49.301875,137.2616965064072
1932,49.3025,137.19237157544362
1933,49.303125,137.15629555942013
1934,49.30375,137.10311154353988
1935,49.304375,137.03494838266528
1936,49.305,136.97609402103606
1937,49.305625,136.93292657154234
1938,49.30625,136.93663505646515
1939,49.306875,136.85842241519964
1940,49.3075,136.77068541023738
1941,49.308125,136.79207458941673
1942,49.30875,136.7593403673731
1943,49.309375,136.72521605716975
1944,49.31,136.70493079992622
1945,49.310625,136.69985207466058
1946,49.31125,136.6934994892549
1947,49.311875,136.67696099062294
1948,49.3125,136.62971678497314
1949,49.313125,136.6361161734878
1950,49.31375,136.65400941921135
1951,49.314375,136.66676777878794
1952,49.315,136.61433898873796
1953,49.315625,136.62331267818885
1954,49.31625,136.67313993785746
1955,49.316875,136.6258748875402
1956,49.3175,136.63739548561003
1957,49.318125,136.64378922137024
1958,49.31875,136.5873621597764
1959,49.319375,136.59379281797942
1960,49.32,136.60920700061934
1961,49.320625,136.6258748875402
1962,49.32125,136.62971678497314
1963,49.321875,136.59379281797942
1964,49.3225,136.5641722893589
1965,49.323125,136.61177337370287
1966,49.32375,136.54867790801558
1967,49.324375,136.47209256710315
1968,49.325,136.40797045407962
1969,49.325625,136.42109510093778
1970,49.32625,136.4289603803506
1971,49.326875,136.43289035084433
1972,49.3275,136.43289035084433
1973,49.328125,136.53445040337985
1974,49.32875,136.601503328595
1975,49.329375,136.57062013290204
1976,49.33,136.6425108506802
1977,49.330625,136.67950742559813
1978,49.33125,136.68587024885392
1979,49.331875,136.68078036318934
1980,49.3325,136.74166301646372
1981,49.333125,136.79961115356684
1982,49.33375,136.8121575801858
1983,49.334375,136.9032015530389
1984,49.335,137.01414970749073
1985,49.335625,137.14423684633783
1986,49.33625,137.31865336386372
1987,49.336875,137.475709216364
1988,49.3375,137.60941185607555
1989,49.338125,137.70609335177934
1990,49.33875,137.7388341196683
1991,49.339375,137.8017105343265
1992,49.34,137.9051350628979
1993,49.340625,137.88632125368878
1994,49.34125,137.9371354547441
1995,49.341875,137.99750392042023
1996,49.3425,137.96023477595003
1997,49.343125,137.87079687129324
1998,49.34375,137.78491321785958
1999,49.344375,137.72417248334995
2000,49.345,137.639099426792
2001,49.345625,137.55203359458545
2002,49.34625,137.4617597118057
2003,49.346875,137.375239164241
2004,49.3475,137.34227559663955
2005,49.348125,137.30563369991222
2006,49.34875,137.23307740427822
2007,49.349375,137.21035354923492
2008,49.35,137.13699357450344
2009,49.350625,137.03617028456475
2010,49.35125,137.0605722942598
2011,49.351875,137.04959987273713
2012,49.3525,137.041056173957
2013,49.353125,137.07031393513856
2014,49.35375,137.06909682736134
2015,49.354375,137.1128056178029
2016,49.355,137.20316522636557
2017,49.355625,137.24024102500434
2018,49.35625,137.29259449091023
2019,49.356875,137.33991626221294
2020,49.3575,137.35288467806197
2021,49.358125,137.37758892474176
2022,49.35875,137.39167415426846
2023,49.359375,137.38932820161733
2024,49.36,137.47687066446872
2025,49.360625,137.491955374064
2026,49.36125,137.4629230265651
2027,49.361875,137.44312545496587
2028,49.3625,137.4815149044607
2029,49.363125,137.54742691739548
2030,49.36375,137.62883443882788
2031,49.364375,137.60140168128135
2032,49.365,137.55778850742968
2033,49.365625,137.51395523960414
2034,49.36625,137.53359220838402
2035,49.366875,137.54973056139204
2036,49.3675,137.54166513301303
2037,49.368125,137.48267557655944
2038,49.36875,137.5174238145473
2039,49.369375,137.55778850742968
2040,49.37,137.59567560180832
2041,49.370625,137.62312642151127
2042,49.37125,137.64251839540063
2043,49.371875,137.6664135676595
2044,49.3725,137.71287743671527
2045,49.373125,137.68910992140977
2046,49.37375,137.69250926512467
2047,49.374375,137.74559269060046
2048,49.375,137.86635623232223
2049,49.375625,137.95583963878448
2050,49.37625,138.01935247838247
2051,49.376875,138.05636936164507
2052,49.3775,138.06614159928347
2053,49.378125,138.07481881243078
2054,49.37875,138.0889008215382
2055,49.379375,138.082404269524
2056,49.38,138.1126800265391
2057,49.380625,138.15145157597104
2058,49.38125,138.0932291583105
2059,49.381875,138.07915417046343
2060,49.3825,138.05962799595005
2061,49.383125,138.00406426033786
2062,49.38375,137.93162655011466
2063,49.384375,137.86746660492048
2064,49.385,137.82294060897541
2065,49.385625,137.83743660891167
2066,49.38625,137.81289072590494
2067,49.386875,137.75347104908894
2068,49.3875,137.64935229790743
2069,49.388125,137.7083553022187
2070,49.38875,137.74221406249768
2071,49.389375,137.7264297311896
2072,49.39,137.76471346541135
2073,49.390625,137.77257450770452
2074,49.39125,137.79275600813335
2075,49.391875,137.89849954719085
2076,49.3925,137.97560026579652
2077,49.393125,138.03461383458438
2078,49.39375,138.07915417046343
2079,49.394375,138.16004402345106
2080,49.395,138.18362951955706
2081,49.395625,138.17934600836776
2082,49.39625,138.21888811499957
2083,49.396875,138.247629978376
2084,49.3975,138.27203899458314
2085,49.398125,138.29320861178442
2086,49.39875,138.3248666093068
2087,49.399375,138.40351044020048
2088,49.4,138.50314654351797
2089,49.400625,138.49591991595824
2090,49.40125,138.59042201262207
2091,49.401875,138.6859281363881
2092,49.4025,138.70308894432338
2093,49.403125,138.7473483503458
2094,49.40375,138.78039552897332
2095,49.404375,138.7973708891902
2096,49.405,138.81431313813326
2097,49.405625,138.86692196713182
2098,49.40625,138.92707994452547
2099,49.406875,138.95651368884901
2100,49.4075,138.9780352194043
2101,49.408125,139.01702917777095
2102,49.40875,139.0800233536314
2103,49.409375,139.1511880379496
2104,49.41,139.2084641415566
2105,49.410625,139.26252882163809
2106,49.41125,139.3359709276672
2107,49.411875,139.42922810049174
2108,49.4125,139.5012799219047
2109,49.413125,139.5315843728022
2110,49.41375,139.6445198334935
2111,49.414375,139.76761130444018
2112,49.415,139.88282222252246
2113,49.415625,139.9214730897055
2114,49.41625,140.00868154958636
2115,49.416875,140.1036102500756
2116,49.4175,140.18136552384436
2117,49.418125,140.3038408352567
2118,49.41875,140.40225139130933
2119,49.419375,140.47656785069773
2120,49.42,140.56003158693716
2121,49.420625,140.6724954243852
2122,49.42125,140.80334072965695
2123,49.421875,140.94783404400889
2124,49.4225,141.0299963826549
2125,49.423125,141.1159731906496
2126,49.42375,141.2116906272173
2127,49.424375,141.20866813405482
2128,49.425,141.22150647259585
2129,49.425625,141.21848739378962
2130,49.42625,141.13885891345754
2131,49.426875,141.0753937919862
2132,49.4275,141.05618656281123
2133,49.428125,141.09532435677983
2134,49.42875,141.3257729053142
2135,49.429375,141.50947929177892
2136,49.43,141.59953447265195
2137,49.430625,141.3963208514399
2138,49.43125,141.22754148387776
2139,49.431875,141.07078792905648
2140,49.4325,140.9181893407002
2141,49.433125,140.82943281227494
2142,49.43375,140.78907557923475
2143,49.434375,140.78986870251867
2144,49.435,140.7954185386316
2145,49.435625,140.81758249031571
2146,49.43625,140.846784091271
2147,49.436875,140.87353171205433
2148,49.4375,140.92365781481763
2149,49.438125,140.93692407891643
2150,49.43875,140.91428117881736
2151,49.439375,140.9750491539898
2152,49.44,141.02690998673077
2153,49.440625,141.10527251568368
2154,49.44125,141.27492123226887
2155,49.441875,141.38447914594104
2156,49.4425,141.52552510808437
2157,49.443125,141.71936154092148
2158,49.44375,141.8129191514663
2159,49.444375,141.90617722770762
2160,49.445,141.99982467089367
2161,49.445625,142.09997898599266
2162,49.44625,142.19157093808772
2163,49.446875,142.24874834643688
2164,49.4475,142.25344034234266
2165,49.448125,142.31287579339883
2166,49.44875,142.3487405056524
2167,49.449375,142.36264799841808
2168,49.45,142.36727888526883
2169,49.450625,142.40621285272925
2170,49.45125,142.45414508636696
2171,49.451875,142.49399617864236
2172,49.4525,142.5957306904068
2173,49.453125,142.68162874925022
2174,49.45375,142.74011552858198
2175,49.454375,142.73758079751036
2176,49.455,142.7843540027517
2177,49.455625,142.83965031105606
2178,49.45625,142.86092086675177
2179,49.456875,142.9076578394975
2180,49.4575,142.94672348073476
2181,49.458125,142.97266996978698
2182,49.45875,143.01881107930956
2183,49.459375,143.09395587192776
2184,49.46,143.1805098244981
2185,49.460625,143.24351873060326
2186,49.46125,143.3209017570245
2187,49.461875,143.40992811489696
2188,49.4625,143.51081608033536
2189,49.463125,143.70234002285184
2190,49.46375,143.86471883279506
2191,49.464375,144.00496827030707
2192,49.465,144.14352814190326
2193,49.465625,144.27407307360357
2194,49.46625,144.39535689316796
2195,49.466875,144.50308297699613
2196,49.4675,144.6110219259017
2197,49.468125,144.71814054081386
2198,49.46875,144.8164743103533
2199,49.469375,144.86026462299355
2200,49.47,144.92750928007018
2201,49.470625,145.00498357505995
2202,49.47125,145.08225679152136
2203,49.471875,145.16651869497946
2204,49.4725,145.22858831118893
2205,49.473125,145.27130121921715
2206,49.47375,145.40239197237807
2207,49.474375,145.50668786851534
2208,49.475,145.5942512164185
2209,49.475625,145.67280777600735
2210,49.47625,145.7850881610836
2211,49.476875,145.89152878403243
2212,49.4775,145.98229767201073
2213,49.478125,146.05613925482842
2214,49.47875,146.14735312077065
2215,49.479375,146.23465350884698
2216,49.48,146.25623652424176
2217,49.480625,146.29124756355677
2218,49.48125,146.31856765220374
2219,49.481875,146.3273758081798
2220,49.4825,146.31269058200064
2221,49.483125,146.28830026827333
2222,49.48375,146.26130709627023
2223,49.484375,146.26257427690388
2224,49.485,146.25792704383412
2225,49.485625,146.2583496223274
2226,49.48625,146.27565766310394
2227,49.486875,146.28113838481448
2228,49.4875,146.28661565041736
2229,49.488125,146.29503547430087
2230,49.48875,146.3152098133147
2231,49.489375,146.34371015230872
2232,49.49,146.3792045705508
2233,49.490625,146.42285130458896
2234,49.49125,146.45224100376575
2235,49.491875,146.50086694807408
2236,49.4925,146.5757440070907
2237,49.493125,146.60786957480693
2238,49.49375,146.65886320251386
2239,49.494375,146.71036151788468
2240,49.495,146.71998355216263
2241,49.495625,146.78385948199315
2242,49.49625,146.8342287007468
2243,49.496875,146.84371456587385
2244,49.4975,146.81760346827292
2245,49.498125,146.80888229680238
2246,49.49875,146.8053120194466
2247,49.499375,146.75237944838773
2248,49.5,146.69631025012424
2249,49.500625,146.6439199064928
2250,49.50125,146.60137271908775
2251,49.501875,146.57126138783434
2252,49.5025,146.5459523579171
2253,49.503125,146.5242585999886
2254,49.50375,146.50743938793408
2255,49.504375,146.49552317632913
2256,49.505,146.48070785827832
2257,49.505625,146.45265423384447
2258,49.50625,146.41953354685648
2259,49.506875,146.36794558435022
2260,49.5075,146.2958770079583
2261,49.508125,146.23126306639824
2262,49.50875,146.179394163565
2263,49.509375,146.1353607663081
2264,49.51,146.09454858767268
2265,49.510625,146.08248305465818
2266,49.51125,146.06996891584626
2267,49.511875,146.04791746305133
2268,49.5125,145.99493866987606
2269,49.513125,145.92672109204094
2270,49.51375,145.8495518733557
2271,49.514375,145.7815175779644
2272,49.515,145.7304766363101
2273,49.515625,145.69538026698038
2274,49.51625,145.67823052607457
2275,49.516875,145.62794043697514
2276,49.5175,145.58375356864295
2277,49.518125,145.54851664551722
2278,49.51875,145.52647822040376
2279,49.519375,145.5103732102362
2280,49.52,145.49885132167373
2281,49.520625,145.4942382833593
2282,49.52125,145.51911963507487
2283,49.521875,145.55401752577586
2284,49.5225,145.59470734821002
2285,49.523125,145.6211220916701
2286,49.52375,145.62884914541746
2287,49.524375,145.62975775880162
2288,49.525,145.63747713740247
2289,49.525625,145.63066627714753
2290,49.52625,145.62657719603408
2291,49.526875,145.6302120298531
2292,49.5275,145.65198914769192
2293,49.528125,145.66376232906848
2294,49.52875,145.6809406320679
2295,49.529375,145.74079855034486
2296,49.53,145.80826124245866
2297,49.530625,145.8778533410602
2298,49.53125,145.94820617794784
2299,49.531875,146.05051465921483
2300,49.5325,146.1482090842735
2301,49.533125,146.23465350884698
2302,49.53375,146.28619444489692
2303,49.534375,146.34705699355544
2304,49.535,146.39876879960616
2305,49.535625,146.4269967204258
2306,49.53625,146.4588503270603
2307,49.536875,146.48276705310033
2308,49.5375,146.50086694807408
2309,49.538125,146.54390809006466
2310,49.53875,146.56228920316778
2311,49.539375,146.56636861787646
2312,49.54,146.56351322876645
2313,49.540625,146.54636115375848
2314,49.54125,146.4975788622399
2315,49.541875,146.41247910107074
2316,49.5425,146.30302675409965
2317,49.543125,146.22023497962576
2318,49.54375,146.1589015169186
2319,49.544375,146.121205630552
2320,49.545,146.08550100954255
2321,49.545625,146.03795434390418
2322,49.54625,145.97138547474384
2323,49.546875,145.94163475329972
2324,49.5475,145.90738297020013
2325,49.548125,145.87961912468856
2326,49.54875,145.89945949440815
2327,49.549375,145.90826291039318
2328,49.55,145.88535544358916
2329,49.550625,145.80870627330995
2330,49.55125,145.72104155547032
2331,49.551875,145.63066627714753
2332,49.5525,145.54071776344222
2333,49.553125,145.4715989135241
2334,49.55375,145.40472331674025
2335,49.554375,145.33544927026145
2336,49.555,145.26040566208093
2337,49.555625,145.21001395478177
2338,49.55625,145.15836900628116
2339,49.556875,145.0986917815488
2340,49.5575,145.00644794152012
2341,49.558125,145.02643624631176
2342,49.55875,145.1357976385362
2343,49.559375,145.33920797195393
2344,49.56,145.45909889696344
2345,49.560625,145.50484461111802
2346,49.56125,145.4725241254592
2347,49.561875,145.37764117465136
2348,49.5625,145.32557493262206
2349,49.563125,145.31192046175184
2350,49.56375,145.3406170658553
2351,49.564375,145.40425709792484
2352,49.565,145.47483672422095
2353,49.565625,145.5420945456771
2354,49.56625,145.5956195399393
2355,49.566875,145.61884811997396
2356,49.5675,145.61429838982014
2357,49.568125,145.5832968612454
2358,49.56875,145.56500884598734
2359,49.569375,145.55310095429417
2360,49.57,145.5453061891369
2361,49.570625,145.50484461111802
2362,49.57125,145.46882268625626
2363,49.571875,145.44379662900883
2364,49.5725,145.45307394859634
2365,49.573125,145.44101149977223
2366,49.57375,145.42055988524646
2367,49.574375,145.4028582913129
2368,49.575,145.42521220974874
2369,49.575625,145.43265074974246
2370,49.57625,145.4173017747956
2371,49.576875,145.4456528858173
2372,49.5775,145.45817225380495
2373,49.578125,145.4734492388521
2374,49.57875,145.53107417248626
2375,49.579375,145.56500884598734
2376,49.58,145.5924264496811
2377,49.580625,145.6183932541867
2378,49.58125,145.65380144536437
2379,49.581875,145.68590696461052
2380,49.5825,145.71879359623574
2381,49.583125,145.77213780781938
2382,49.58375,145.83536648343036
2383,49.584375,145.88623761804027
2384,49.585,145.90870284706295
2385,49.585625,145.97400565263342
2386,49.58625,146.01886256161106
2387,49.586875,146.04791746305133
2388,49.5875,146.1199176554161
2389,49.588125,146.16317480719377
2390,49.58875,146.19771119320387
2391,49.589375,146.2380426283898
2392,49.59,146.30849023875032
2393,49.590625,146.365024204024
2394,49.59125,146.4025101194727
2395,49.591875,146.4518277540267
2396,49.5925,146.50004504330076
2397,49.593125,146.55167374962357
2398,49.59375,146.61638932991673
2399,49.594375,146.69550663355912
2400,49.595,146.79181104536082
2401,49.595625,146.90708246284254
2402,49.59625,147.00224560196727
2403,49.596875,147.10136412697702
2404,49.5975,147.20429226590704
2405,49.598125,147.31425123784985
2406,49.59875,147.44792864846224
2407,49.599375,147.57558662121383
2408,49.6,147.68240683547765
2409,49.600625,147.77729265151189
2410,49.60125,147.87080214695925
2411,49.601875,147.96331566212723
2412,49.6025,148.05451056882166
2413,49.603125,148.11409701907428
2414,49.60375,148.15902941665345
2415,49.604375,148.19798649560425
2416,49.605,148.2401339048212
2417,49.605625,148.28040391307326
2418,49.60625,148.31782155005558
2419,49.606875,148.3404610084393
2420,49.6075,148.34677620638794
2421,49.608125,148.35308681611903
2422,49.60875,148.38026960871613
2423,49.609375,148.3756346621611
2424,49.61,148.3643680556793
2425,49.610625,148.35142657381454
2426,49.61125,148.31982152465298
2427,49.611875,148.28308195360415
2428,49.6125,148.24484170419828
2429,49.613125,148.2128457194488
2430,49.61375,148.17971536423389
2431,49.614375,148.141016296085
2432,49.615,148.0935961095813
2433,49.615625,148.06412683289614
2434,49.61625,148.03076780331887
2435,49.616875,147.99105173211868
2436,49.6175,147.9334002737702
2437,49.618125,147.89043445349824
2438,49.61875,147.85112536590145
2439,49.619375,147.8091636130457
2440,49.62,147.81517057477433
2441,49.620625,147.83069874176047
2442,49.62125,147.84936634087708
2443,49.621875,147.84338298979472
2444,49.6225,147.87255683669636
2445,49.623125,147.9019827462514
2446,49.62375,147.89603554325421
2447,49.624375,147.90687738713657
2448,49.625,147.92503337160554
2449,49.625625,147.94732722530577
2450,49.62625,147.9459355345937
2451,49.626875,147.94558757707185
2452,49.6275,147.94489162020773
2453,49.628125,147.9410628603622
2454,49.62875,147.8995343910913
2455,49.629375,147.85288403476855
2456,49.63,147.81128419158117
2457,49.630625,147.76166862767298
2458,49.63125,147.70783508430773
2459,49.631875,147.65186633288732
2460,49.6325,147.6016910802306
2461,49.633125,147.57304449817002
2462,49.63375,147.55450082486297
2463,49.634375,147.54211634538106
2464,49.635,147.52861902355758
2465,49.635625,147.51619755991828
2466,49.63625,147.50632078653928
2467,49.636875,147.50632078653928
2468,49.6375,147.52167980724724
2469,49.638125,147.53701171695218
2470,49.63875,147.53956440616034
2471,49.639375,147.55850379060064
2472,49.64,147.58429682757253
2473,49.640625,147.6147139483138
2474,49.64125,147.6432236559175
2475,49.641875,147.67020351744986
2476,49.6425,147.69996386524792
2477,49.643125,147.73746699368357
2478,49.64375,147.7719694365153
2479,49.644375,147.8091636130457
2480,49.645,147.85077358939378
2481,49.645625,147.8757143852212
2482,49.64625,147.91910193576288
2483,49.646875,147.96713462759507
2484,49.6475,147.99209011379378
2485,49.648125,148.03696782791036
2486,49.64875,148.07476100727712
2487,49.649375,148.09222766030703
2488,49.65,148.12535192820008
2489,49.650625,148.15563357266694
2490,49.65125,148.1851330407782
2491,49.651875,148.2253213302428
2492,49.6525,148.2609633863575
2493,49.653125,148.2874320091817
2494,49.65375,148.29879878836036
2495,49.654375,148.33746799553595
2496,49.655,148.35939284429475
2497,49.655625,148.36668884609966
2498,49.65625,148.3981241273919
2499,49.656875,148.42253197489597
2500,49.6575,148.43898502125757
2501,49.658125,148.4435862948226
2502,49.65875,148.43536802413848
2503,49.659375,148.42384936611498
2504,49.66,148.4119856458288
2505,49.660625,148.42977515521252
2506,49.66125,148.43635462728264
2507,49.661875,148.44095729411754
2508,49.6625,148.46098335488026
2509,49.663125,148.49436674663133
2510,49.66375,148.52176293672107
2511,49.664375,148.53477843273268
2512,49.665,148.55783301417756
2513,49.665625,148.59020081626278
2514,49.66625,148.62791865858378
2515,49.666875,148.6625903516097
2516,49.6675,148.69744331193883
2517,49.668125,148.74073438226975
2518,49.66875,148.79990947907618
2519,49.669375,148.83044651764789
2520,49.67,148.87276862332908
2521,49.670625,148.92608227903847
2522,49.67125,148.97567179257913
2523,49.671875,149.0298952360217
2524,49.6725,149.07798099761987
2525,49.673125,149.10694872788378
2526,49.67375,149.14703892221388
2527,49.674375,149.17426743867486
2528,49.675,149.18845292102202
2529,49.675625,149.2272689059193
2530,49.67625,149.25035573502868
2531,49.676875,149.25813744984535
2532,49.6775,149.24286673658395
2533,49.678125,149.23867007530225
2534,49.67875,149.23717077617056
2535,49.679375,149.2359711505022
2536,49.68,149.23177115543078
2537,49.680625,149.20502358908726
2538,49.68125,149.16943304768463
2539,49.681875,149.16005875120558
2540,49.6825,149.12671323647214
2541,49.683125,149.08622376295133
2542,49.68375,149.04585123235458
2543,49.684375,149.03020235868632
2544,49.685,149.00990893318865
2545,49.685625,148.9895679837473
2546,49.68625,148.9978950396242
2547,49.686875,148.99943621133784
2548,49.6875,149.00251773463907
2549,49.688125,149.0139098745401
2550,49.68875,149.0433983707087
2551,49.689375,149.06544922892328
2552,49.69,149.07706465176372
2553,49.690625,149.0810347858024
2554,49.69125,149.11911682378764
2555,49.691875,149.16731715522525
2556,49.6925,149.20110973777773
2557,49.693125,149.22156270433715
2558,49.69375,149.2350713225091
2559,49.694375,149.2416678973925
2560,49.695,149.23747065670153
2561,49.695625,149.22336506774766
2562,49.69625,149.19146812209303
2563,49.696875,149.11972478134638
2564,49.6975,149.06238995528005
2565,49.698125,148.99820329584423
2566,49.69875,148.91830827902248
2567,49.699375,148.84175259101522
2568,49.7,148.74866887595942
2569,49.700625,148.6423820204971
2570,49.70125,148.53477843273268
2571,49.701875,148.43602577201946
2572,49.7025,148.33879835082084
2573,49.703125,148.23878835048086
2574,49.70375,148.16038738259533
2575,49.704375,148.10009330100738
2576,49.705,148.05794617112818
2577,49.705625,148.0404103746789
2578,49.70625,148.00937822434977
2579,49.706875,147.9778881415699
2580,49.7075,147.95775780414078
2581,49.708125,147.93165783366766
2582,49.70875,147.9054791997396
2583,49.709375,147.88342800830262
2584,49.71,147.90617832157176
2585,49.710625,147.93932195689533
2586,49.71125,147.98239372055866
2587,49.711875,148.03731214399224
2588,49.7125,148.06515651574222
2589,49.713125,148.098725875054
2590,49.71375,148.14781808941464
2591,49.714375,148.1222838535693
2592,49.715,148.14067606656076
2593,49.715625,148.18276322307727
2594,49.71625,148.20373057314217
2595,49.716875,148.23475043634713
2596,49.7175,148.27872971834591
2597,49.718125,148.33879835082084
2598,49.71875,148.38986270878695
2599,49.719375,148.4547506789279
2600,49.72,148.52989990698066
2601,49.720625,148.59601423261293
2602,49.72125,148.65682133868648
2603,49.721875,148.72261658859404
2604,49.7225,148.8030625954712
2605,49.723125,148.8993104669733
2606,49.72375,148.9948118755857
2607,49.724375,149.0874442483769
2608,49.725,149.1803066460366
2609,49.725625,149.23986932830033
2610,49.72625,149.27905363438816
2611,49.726875,149.30646709956886
2612,49.7275,149.3379452803385
2613,49.728125,149.35985319042297
2614,49.72875,149.36930979412034
2615,49.729375,149.39349545103596
2616,49.73,149.41849506599937
2617,49.730625,149.4393220854612
2618,49.73125,149.44020100169146
2619,49.731875,149.47616020639668
2620,49.7325,149.5195220827953
2621,49.733125,149.560935255129
2622,49.73375,149.60186436117922
2623,49.734375,149.65003977220576
2624,49.735,149.70647701825874
2625,49.735625,149.77947049453016
2626,49.73625,149.88169979932763
2627,49.736875,149.99099251810298
2628,49.7375,150.09566775347227
2629,49.738125,150.2103640215562
2630,49.73875,150.32753397052298
2631,49.739375,150.44523217690787
2632,49.74,150.55337120760916
2633,49.740625,150.66654234108847
2634,49.74125,150.76770394039823
2635,49.741875,150.83557747364134
2636,49.7425,150.88111271518483
2637,49.743125,150.92418824088017
2638,49.74375,150.96754264801916
2639,49.744375,150.99158970514736
2640,49.745,150.99256980496935
2641,49.745625,150.97883833329738
2642,49.74625,150.95795435126195
2643,49.746875,150.91010080705985
2644,49.7475,150.86223087906876
2645,49.748125,150.82234496843566
2646,49.74875,150.75512298565226
2647,49.749375,150.68179189521138
2648,49.75,150.60604348970543
2649,49.750625,150.53970137119993
2650,49.75125,150.46530190937776
2651,49.751875,150.39918361504138
2652,49.7525,150.35288962330517
2653,49.753125,150.32330082288485
2654,49.75375,150.28564095720756
2655,49.754375,150.24594827320348
2656,49.755,150.2432778281114
2657,49.755625,150.23071572689906
2658,49.75625,150.2272378931637
2659,49.756875,150.2526207961844
2660,49.7575,150.27314001915676
2661,49.758125,150.29971620988073
2662,49.75875,150.33150067362797
2663,49.759375,150.34866881795548
2664,49.76,150.35974406050155
2665,49.760625,150.37291048660623
2666,49.76125,150.40049518765815
2667,49.761875,150.37817147382827
2668,49.7625,150.3462937132954
2669,49.763125,150.3121789846896
2670,49.76375,150.24354490956947
2671,49.764375,150.1843193554513
2672,49.765,150.2055368883471
2673,49.765625,150.5099662135334
2674,49.76625,151.11276975895106
2675,49.766875,151.41669412848427
2676,49.7675,151.1650488370311
2677,49.768125,151.34664530708733
2678,49.76875,151.85751905258223
2679,49.769375,152.1765088755991
2680,49.77,149.99484106248764
2681,49.770625,149.96317737825785
2682,49.77125,150.89152983136202
2683,49.771875,151.98149676529923
2684,49.7725,151.16072427152577
2685,49.773125,149.80703673368956
2686,49.77375,147.91596012326784
2687,49.774375,145.69853573980572
2688,49.775,144.50773654776808
2689,49.775625,144.3617780572169
2690,49.77625,145.22573330196917
2691,49.776875,146.13107376674523
2692,49.7775,146.53531690728107
2693,49.778125,146.43238280494552
2694,49.77875,146.8587126977526
2695,49.779375,147.4810290004744
2696,49.78,148.18817899949718
2697,49.780625,148.88651805576106
2698,49.78125,149.49597637601264
2699,49.781875,150.25902159944982
2700,49.7825,151.2260833228027
2701,49.783125,152.0535684087702
2702,49.78375,152.66734890234014
2703,49.784375,153.1079556210885
2704,49.785,153.3587668837071
2705,49.785625,153.41734309637212
2706,49.78625,153.34550925933658
2707,49.786875,153.13824679562848
2708,49.7875,152.7243400940748
2709,49.788125,152.28042839845284
2710,49.78875,151.82062396947398
2711,49.789375,151.3738885480568
2712,49.79,150.8535214733074
2713,49.790625,150.30130819845522
2714,49.79125,149.76734743384665
2715,49.791875,149.3248927114862
2716,49.7925,148.92887921663728
2717,49.793125,148.57435566407662
2718,49.79375,148.19697244042385
2719,49.794375,147.76593251303805
2720,49.795,147.2801322741134
2721,49.795625,146.72439009144858
2722,49.79625,146.13064495039214
2723,49.796875,145.54851664551722
2724,49.7975,145.00498357505995
2725,49.798125,144.57672975055868
2726,49.79875,144.18225407477183
2727,49.799375,143.84967639805328
2728,49.8,143.68758161317191
2729,49.800625,143.58183953907988
2730,49.80125,143.54033534184939
2731,49.801875,143.5795389458634
2732,49.8025,143.56572257555135
2733,49.803125,143.56341770897603
2734,49.80375,143.57493593057916
2735,49.804375,143.60825265676647
2736,49.805,143.5795389458634
2737,49.805625,143.546689110114
2738,49.80625,143.55015284389833
2739,49.806875,143.49340482974094
2740,49.8075,143.46897029488628
2741,49.808125,143.4968898731091
2742,49.80875,143.6608391458128
2743,49.809375,143.83069694013568
2744,49.81,143.93015583879392
2745,49.810625,143.83572495164398
2746,49.81125,143.6225739949459
2747,49.811875,143.34634669496353
2748,49.8125,143.01267307492856
2749,49.813125,142.6483959619523
2750,49.81375,142.2286110353196
2751,49.814375,141.75704750326338
2752,49.815,141.2380926743234
2753,49.815625,140.77240323899406
2754,49.81625,140.31222409007026
2755,49.816875,139.84488288093542
2756,49.8175,139.44127832016045
2757,49.818125,139.12336860950728
2758,49.81875,138.9014897695746
2759,49.819375,138.8242637517064
2760,49.82,138.83122240472142
2761,49.820625,138.80534782892025
2762,49.82125,138.66468257429617
2763,49.821875,138.54535361621765
2764,49.8225,138.45035720489224
2765,49.823125,138.38260827721228
2766,49.82375,138.3648018044283
2767,49.824375,138.38260827721228
2768,49.825,138.45035720489224
2769,49.825625,138.6047130553257
2770,49.82625,138.75537134099872
2771,49.826875,138.88669183941565
2772,49.8275,138.9975540807375
2773,49.828125,139.13297158410407
2774,49.82875,139.2757565469111
2775,49.829375,139.4199473114497
2776,49.83,139.55355775347988
2777,49.830625,139.74706777471587
2778,49.83125,139.90743812056326
2779,49.831875,140.0078137849982
2780,49.8325,140.13103218173296
2781,49.833125,140.2381722669831
2782,49.83375,140.33648987334976
2783,49.834375,140.44114041202332
2784,49.835,140.5380161778051
2785,49.835625,140.62736125771548
2786,49.83625,140.70939526962565
2787,49.836875,140.76445276737437
2788,49.8375,140.796211082967
2789,49.838125,140.8167918937068
2790,49.83875,140.8782433420251
2791,49.839375,140.88295241757444
2792,49.84,140.8656733114115
2793,49.840625,140.84442004780763
2794,49.84125,140.82311465259423
2795,49.841875,140.8088819672535
2796,49.8425,140.80492430115413
2797,49.843125,140.8072991172012
2798,49.84375,140.83180093778734
2799,49.844375,140.87431716122413
2800,49.845,140.9377038167542
2801,49.845625,141.0415606096834
2802,49.84625,141.18748118131916
2803,49.846875,141.37262127428633
2804,49.8475,141.47290091026304
2805,49.848125,141.50582837766603
2806,49.84875,141.5320807716722
2807,49.849375,141.68437373478477
2808,49.85,141.9215073217021
2809,49.850625,142.1713004746567
2810,49.85125,142.4108205772484
2811,49.851875,142.45283539251074
2812,49.8525,142.46134487473134
2813,49.853125,142.43907167090597
2814,49.85375,142.36727888526883
2815,49.854375,142.30022142600905
2816,49.855,142.2628167373416
2817,49.855625,142.28087125096155
2818,49.85625,142.30155433319163
2819,49.856875,142.32285307707588
2820,49.8575,142.3494032724024
2821,49.858125,142.41279456831134
2822,49.85875,142.47768586920014
2823,49.859375,142.5278238323323
2824,49.86,142.53626020083107
2825,49.860625,142.61824884214948
2826,49.86125,142.64583431933605
2827,49.861875,142.59830715008843
2828,49.8625,142.5213287377067
2829,49.863125,142.43382260615152
2830,49.86375,142.3454259131153
2831,49.864375,142.2728516554348
2832,49.865,142.2433829600332
2833,49.865625,142.2131407511606
2834,49.86625,142.1692708240719
2835,49.866875,142.039750371166
2836,49.8675,142.03494147892732
2837,49.868125,142.0883764129519
2838,49.86875,142.01636791463073
2839,49.869375,141.95971459969567
2840,49.87,141.91314880656978
2841,49.870625,141.8747356912468
2842,49.87125,141.8775351078009
2843,49.871875,141.8887237603591
2844,49.8725,141.89431268656375
2845,49.873125,141.82559928457675
2846,49.87375,141.7328904122161
2847,49.874375,141.6283864826987
2848,49.875,141.514587994818
2849,49.875625,141.28691314324342
2850,49.87625,141.0623374984586
2851,49.876875,140.85544674995347
2852,49.8775,140.63301587102526
2853,49.878125,140.43205432056484
2854,49.87875,140.2297171999881
2855,49.879375,139.99739384216537
2856,49.88,139.9083159708483
2857,49.880625,139.8439985959117
2858,49.88125,139.7774193212929
2859,49.881875,139.68874589592153
2860,49.8825,139.68514403410833
2861,49.883125,139.7264755410153
2862,49.88375,139.74170059248246
2863,49.884375,139.71660979716785
2864,49.885,139.7031384255411
2865,49.885625,139.72737187140547
2866,49.88625,139.75421886260614
2867,49.886875,139.75957831750964
2868,49.8875,139.74349002175083
2869,49.888125,139.70403716729143
2870,49.88875,139.7004416421907
2871,49.889375,139.67703437982945
2872,49.89,139.5882356526887
2873,49.890625,139.49759946013862
2874,49.89125,139.41623221745036
2875,49.891875,139.3434684591108
2876,49.8925,139.2700899882858
2877,49.893125,139.2341156800501
2878,49.89375,139.21226915295816
2879,49.894375,139.1827366234075
2880,49.895,139.14831429445337
2881,49.895625,139.10605645523384
2882,49.89625,139.05584886088184
2883,49.896875,138.99365381590408
2884,49.8975,138.9408281051044
2885,49.898125,138.9142942811972
2886,49.89875,138.95847239663453
2887,49.899375,138.96336723454263
2888,49.9,138.91527846222348
2889,49.900625,138.80136027478704
2890,49.90125,138.8033542806815
2891,49.901875,138.71014531649425
2892,49.9025,138.55766820661412
2893,49.903125,138.46591681311008
2894,49.90375,138.41811208328048
2895,49.904375,138.3668985792455
2896,49.905,138.28897881397108
2897,49.905625,138.27097915813036
2898,49.90625,138.20608336137138
2899,49.906875,138.09431090557362
2900,49.9075,137.9690183839675
2901,49.908125,137.85969101421432
2902,49.90875,137.71513762138534
2903,49.909375,137.466412036308
2904,49.91,137.24978333811794
2905,49.910625,137.03005905541087
2906,49.91125,136.80212188913515
2907,49.911875,136.55642855365605
2908,49.9125,136.28761588939878
2909,49.913125,135.99232408962996
2910,49.91375,135.65375136469933
2911,49.914375,135.3475704822836
2912,49.915,135.0517235748082
2913,49.915625,134.76133429554937
2914,49.91625,134.5930133667184
2915,49.916875,134.45103324001917
2916,49.9175,134.30167341389853
2917,49.918125,134.03481264874426
2918,49.91875,133.7755131054569
2919,49.919375,133.5155668334817
2920,49.92,133.24949007500618
2921,49.920625,133.15258862777904
2922,49.92125,133.02168178486022
2923,49.921875,132.8532466288407
2924,49.9225,132.66330707367808
2925,49.923125,132.4877048284053
2926,49.92375,132.2895073218079
2927,49.924375,132.01945791373498
2928,49.925,131.71372556904993
2929,49.925625,131.30514686840428
2930,49.92625,130.7890498309892
2931,49.926875,130.280323608013
2932,49.9275,129.88865797452797
2933,49.928125,129.64889583836532
2934,49.92875,129.65747167217506
2935,49.929375,129.16973527596414
2936,49.93,128.79296859126947
2937,49.930625,128.6817927683578
2938,49.93125,128.4616391659446
2939,49.931875,128.39250721775488
2940,49.9325,128.28609376256662
2941,49.933125,127.68348277614066
2942,49.93375,127.30226863255155
2943,49.934375,126.99720164384664
2944,49.935,126.72919467697058
2945,49.935625,126.28577321894996
2946,49.93625,125.88491432276237
2947,49.936875,125.51543800329864
2948,49.9375,125.1150957328609
2949,49.938125,124.69540590321833
2950,49.93875,124.25440308835684
2951,49.939375,123.78980627398734
2952,49.94,123.57953894586339
2953,49.940625,123.22136770942349
2954,49.94125,122.73441134312813
2955,49.941875,122.49660298827719
2956,49.9425,121.59808935333442
2957,49.943125,120.44031479635441
2958,49.94375,119.55447210577695
2959,49.944375,118.07265032168475
2960,49.945,116.66294223825571
2961,49.945625,115.54853644778623
2962,49.94625,113.12196404025664
2963,49.946875,111.0289999594575
2964,49.9475,109.15763793467985
2965,49.948125,107.08216878294803
2966,49.94875,102.34542591311529
2967,49.949375,92.04119982655925
2968,49.95,90.88136088700551
2969,49.950625,102.67077816740436
2970,49.95125,107.38431714820285
2971,49.951875,110.23766721957749
2972,49.9525,112.04119982655925
2973,49.953125,113.90963352980394
2974,49.95375,114.97925722512322
2975,49.954375,115.04096895638878
2976,49.955,116.3777082918802
2977,49.955625,116.7138114298485
2978,49.95625,116.31155496648535
2979,49.956875,116.13716059037635
2980,49.9575,116.08278864670702
2981,49.958125,116.08278864670702
2982,49.95875,116.08278864670702
2983,49.959375,116.76438443815252
2984,49.96,117.14664992862537
2985,49.960625,117.17074395139278
2986,49.96125,117.00066515379538
2987,49.961875,116.72648231413504
2988,49.9625,116.40402918971282
2989,49.963125,116.17771734719625
2990,49.96375,116.25826713285711
2991,49.964375,116.27161977136383
2992,49.965,116.15070056137708
2993,49.965625,116.28495191463841
2994,49.96625,115.97301290890539
2995,49.966875,115.4464341344584
2996,49.9675,115.3579523203618
2997,49.968125,113.92712777466664
2998,49.96875,112.38186661253485
2999,49.969375,111.57278419936145
3000,49.97,109.68599678693572
3001,49.970625,108.59504560004815
3002,49.97125,108.19866246662588
3003,49.971875,106.84845361644413
3004,49.9725,106.96609726096321
3005,49.973125,105.34343456806027
3006,49.97375,91.82129214052999
3007,49.974375,102.9843822531076
3008,49.975,108.81818164130436
3009,49.975625,111.2933212850418
3010,49.97625,113.73272538524587
3011,49.976875,115.31337109518029
3012,49.9775,116.52149605401654
3013,49.978125,117.51279874008335
3014,49.97875,118.31854423394232
3015,49.979375,119.31343942440213
3016,49.98,120.44856742370973
3017,49.980625,121.06925209850911
3018,49.98125,121.83333915191369
3019,49.981875,122.65159695319474
3020,49.9825,123.46372536824548
3021,49.983125,124.24907922080551
3022,49.98375,124.77095775362656
3023,49.984375,124.99374855610603
3024,49.985,125.6479100948505
3025,49.985625,126.04228753912402
3026,49.98625,126.30260634367204
3027,49.986875,126.68102880693783
3028,49.9875,126.90747461118177
3029,49.988125,127.09369107909458
3030,49.98875,127.27223959784288
3031,49.989375,127.41396185151153
3032,49.99,127.61868926661404
3033,49.990625,127.8750128069616
3034,49.99125,128.13080360867912
3035,49.991875,128.30280704391745
3036,49.9925,128.4747449996466
3037,49.993125,128.72643400279466
3038,49.99375,129.13035715610528
3039,49.994375,129.48141006430086
3040,49.995,129.74842422718947
3041,49.995625,129.8440290278508
3042,49.99625,130.10028480168214
3043,49.996875,130.38605698470857
3044,49.9975,130.55517505041945
3045,49.998125,130.5577513190541
3046,49.99875,130.667814160351
3047,49.999375,130.94318242654833
3048,50.0,131.00211998695184
3049,50.000625,131.07523396780007
3050,50.00125,131.1236369330582
3051,50.001875,131.0509309591132
3052,50.0025,130.98251853516223
3053,50.003125,130.95795435126195
3054,50.00375,130.99967222319378
3055,50.004375,130.76141574086344
3056,50.005,130.6193536314383
3057,50.005625,130.5731929046998
3058,50.00625,130.60655579556172
3059,50.006875,130.50089614073693
3060,50.0075,130.32012460772097
3061,50.008125,130.09213541283907
3062,50.00875,130.0047294965128
3063,50.009375,129.9385929614643
3064,50.01,129.86637216464203
3065,50.010625,129.6259854666571
3066,50.01125,129.34327931938182
3067,50.011875,129.07859184115458
3068,50.0125,128.908970285321
3069,50.013125,128.7105170299731
3070,50.01375,128.50742332877883
3071,50.014375,128.29946695941635
3072,50.015,127.9761546040653
3073,50.015625,127.7726793870358
3074,50.01625,127.60422483423213
3075,50.016875,127.30226863255155
3076,50.0175,127.13962801986263
3077,50.018125,126.98943598428771
3078,50.01875,126.80491523135863
3079,50.019375,126.89570245265321
3080,50.02,126.85634629271465
3081,50.020625,126.71316904578603
3082,50.02125,126.53490759130645
3083,50.021875,126.68102880693783
3084,50.0225,126.84845361644413
3085,50.023125,126.8760466632331
3086,50.02375,126.97777446142877
3087,50.024375,127.02819503850877
3088,50.025,126.9933196819326
3089,50.025625,126.69711379234583
3090,50.02625,126.87998138114322
3091,50.026875,127.05136772358617
3092,50.0275,126.75716858082188
3093,50.028125,126.83264671556108
3094,50.02875,126.75317782052284
3095,50.029375,126.473290712162
3096,50.03,126.473290712162
3097,50.030625,126.25623652424176
3098,50.03125,125.88050188190647
3099,50.031875,125.35750838637796
3100,50.0325,124.72570554896058
3101,50.033125,124.39692772048721
3102,50.03375,124.52168231951647
3103,50.034375,123.7334773499949
3104,50.035,122.9411534205672
3105,50.035625,122.13741088957308
3106,50.03625,121.28915978453836
3107,50.036875,120.34901459021071
3108,50.0375,119.35095952437723
3109,50.038125,118.29743635080101
3110,50.03875,117.53589952401401
3111,50.039375,116.59893391883273
3112,50.04,115.32825694224799
3113,50.040625,113.10276869622766
3114,50.04125,110.93085326956262
3115,50.041875,108.36602582639492
3116,50.0425,104.65992220784308
3117,50.043125,101.79810222878797
3118,50.04375,95.98681098907164
3119,50.044375,80.0
3120,50.045,97.0251669743815
3121,50.045625,102.00741090235125
3122,50.04625,105.88932452323186
3123,50.046875,110.15711743391662
3124,50.0475,110.15711743391662
3125,50.048125,110.37027879755776
3126,50.04875,111.38747819230092
3127,50.049375,112.84929040484244
3128,50.05,114.06582756237322
3129,50.050625,114.5832957938554
3130,50.05125,113.02556027996289
3131,50.051875,114.43621230425093
3132,50.0525,115.51948662258738
3133,50.053125,115.47572889962387
3134,50.05375,115.07166117785813
3135,50.054375,115.25357127454873
3136,50.055,115.94535081661434
3137,50.055625,117.04959987273712
3138,50.05625,116.66294223825571
3139,50.056875,116.39087871083737
3140,50.0575,117.24262758626075
3141,50.058125,117.52435681183285
3142,50.05875,117.98546374635208
3143,50.059375,118.56791704513428
3144,50.06,118.63932229456346
3145,50.060625,119.49023385474658
3146,50.06125,120.30719510818429
3147,50.061875,120.5061173052954
3148,50.0625,120.70058564404735
3149,50.063125,120.99211225189947
3150,50.06375,121.37113790144726
3151,50.064375,121.67005239660534
3152,50.065,121.95208657748822
3153,50.065625,122.13741088957308
3154,50.06625,122.02118709816232
3155,50.066875,121.98670555371916
3156,50.0675,122.16453312749857
3157,50.068125,122.60667536990013
3158,50.06875,122.65159695319474
3159,50.069375,122.77236867798985
3160,50.07,122.91014342819325
3161,50.070625,122.91014342819325
3162,50.07125,122.9597064136761
3163,50.071875,123.05188155854938
3164,50.0725,123.19735694185134
3165,50.073125,122.61953383211234
3166,50.07375,122.27886704613674
3167,50.074375,122.11701348770288
3168,50.075,121.46703404773803
3169,50.075625,120.66847510973899
3170,50.07625,119.96518676847398
3171,50.076875,119.69054626687586
3172,50.0775,118.42332101275477
3173,50.078125,117.03739201459533
3174,50.07875,115.76336742282335
3175,50.079375,115.01016789702692
3176,50.08,113.49722281475623
3177,50.080625,111.70921459017002
3178,50.08125,110.98006524051576
3179,50.081875,109.96621107579202
3180,50.0825,107.8187021420676
3181,50.083125,103.04576688766113
3182,50.08375,99.8245215138499
3183,50.084375,93.25515663363149
3184,50.085,72.04119982655925
3185,50.085625,86.02059991327963
3186,50.08625,100.0
3187,50.086875,103.75041441672926
3188,50.0875,103.16724984190499
3189,50.088125,101.13809702672945
3190,50.08875,101.72719661349497
3191,50.089375,103.69382861635196
3192,50.09,103.46372536824548
3193,50.090625,104.55773409227348
3194,50.09125,104.0823996531185
3195,50.091875,97.84189205380962
3196,50.0925,85.57507201905658
3197,50.093125,92.86905352972376
3198,50.09375,100.5061173052954
3199,50.094375,100.74852995881247
3200,50.095,104.81098496565198
3201,50.095625,108.75501125640776
3202,50.09625,111.95390371851025
3203,50.096875,112.88877178935677
3204,50.0975,113.82162984245937
3205,50.098125,114.90149583164114
3206,50.09875,115.22351626311463
3207,50.099375,115.62073877242264
3208,50.1,115.94535081661434
3209,50.100625,115.88976093318338
3210,50.10125,116.40402918971282
3211,50.101875,116.5731979307064
3212,50.1025,116.08278864670702
3213,50.103125,114.23614458082382
3214,50.10375,112.52680734750085
3215,50.104375,110.75638190146549
3216,50.105,107.45824005940213
3217,50.105625,98.169700377573
3218,50.10625,93.97940008672037
3219,50.106875,100.98436045340364
3220,50.1075,110.10299956639813
3221,50.108125,114.37003377734548
3222,50.10875,117.07396423552348
3223,50.109375,119.19036753945997
3224,50.11,120.39893363357685
3225,50.110625,121.35629022323681
3226,50.11125,122.37851505651554
3227,50.111875,123.42282302056765
3228,50.1125,124.41262038896184
3229,50.113125,125.32463393379787
3230,50.11375,125.82293523463773
3231,50.114375,126.3110106884381
3232,50.115,126.74519079500553
3233,50.115625,127.05136772358617
3234,50.11625,127.35829477587507
3235,50.116875,127.62591246007652
3236,50.1175,127.83633847226497
3237,50.118125,127.69423485876565
3238,50.11875,127.59698357525659
3239,50.119375,127.53518790809761
3240,50.12,127.45824005940213
3241,50.120625,127.39544577193925
3242,50.12125,127.26471608967387
3243,50.121875,127.01658547165935
3244,50.1225,126.90747461118177
3245,50.123125,126.6487691983121
3246,50.12375,126.28155983558426
3247,50.124375,126.04661857368798
3248,50.125,126.00756129741406
3249,50.125625,125.92013338627345
3250,50.12625,125.58877576574041
3251,50.126875,125.26798662668006
3252,50.1275,124.93489419447683
3253,50.128125,124.60386757738091
3254,50.12875,124.53199810414715
3255,50.129375,124.51135426878942
3256,50.13,124.40739264902788
3257,50.130625,124.0060636596317
3258,50.13125,123.55072999859723
3259,50.131875,123.23334824875472
3260,50.1325,123.08847946229294
3261,50.133125,122.35867670079284
3262,50.13375,122.00741090235125
3263,50.134375,121.79810222878797
3264,50.135,121.12284524118104
3265,50.135625,120.70859476369097
3266,50.13625,120.23140887194556
3267,50.136875,119.54532424854585
3268,50.1375,118.96825931557203
3269,50.138125,118.20181091188135
3270,50.13875,117.45477654945338
3271,50.139375,117.68457539265208
3272,50.14,117.3257467816839
3273,50.140625,116.88954351491363
3274,50.14125,116.72648231413504
3275,50.141875,114.93268397875157
3276,50.1425,113.76839644005422
3277,50.143125,113.55213905440988
3278,50.14375,113.04492682006646
3279,50.144375,111.77663451188415
3280,50.145,109.91088675092897
3281,50.145625,107.56795801896276
3282,50.14625,105.34343456806027
3283,50.146875,101.28915978453836
3284,50.1475,89.24795995797913
3285,50.148125,93.25515663363149
3286,50.14875,98.79038505237236
3287,50.149375,101.86843370324469
3288,50.15,106.10702738893247
3289,50.150625,107.92398694191473
3290,50.15125,109.54242509439325
3291,50.151875,111.22202767298113
3292,50.1525,110.88136088700551
3293,50.153125,111.34052732318122
3294,50.15375,112.38186661253485
3295,50.154375,113.7505792242927
3296,50.155,115.17823784795948
3297,50.155625,116.12359947967775
3298,50.15625,116.39087871083737
3299,50.156875,117.3257467816839
3300,50.1575,117.69590727897962
3301,50.158125,117.7860340501262
3302,50.15875,118.89951816824096
3303,50.159375,119.48101805585753
3304,50.16,119.7264755410153
3305,50.160625,119.63637214341327
3306,50.16125,119.57273896768947
3307,50.161875,119.912703891951
3308,50.1625,120.51430767802682
3309,50.163125,119.8245215138499
3310,50.16375,120.14641905845488
3311,50.164375,120.6604288936582
3312,50.165,120.40722565295417
3313,50.165625,120.18051484173822
3314,50.16625,120.06058941107236
3315,50.166875,120.06058941107236
3316,50.1675,119.07519383466457
3317,50.168125,118.46488037260553
3318,50.16875,118.21248809778403
3319,50.169375,118.21248809778403
3320,50.17,118.26567803520837
3321,50.170625,117.90845092078817
3322,50.17125,116.73913474119101
3323,50.171875,116.28495191463841
3324,50.1725,115.97301290890539
3325,50.173125,115.88976093318338
3326,50.17375,116.35130739119562
3327,50.174375,115.88976093318338
3328,50.175,115.26855987125873
3329,50.175625,115.05632862376542
3330,50.17625,113.40491706148248
3331,50.176875,112.68954540321462
3332,50.1775,113.16022793314225
3333,50.178125,113.16022793314225
3334,50.17875,112.06288745240364
3335,50.179375,110.23766721957749
3336,50.18,108.06241042351635
3337,50.180625,107.7477965267746
3338,50.18125,106.31940690913835
3339,50.181875,102.00741090235125
3340,50.1825,96.25826713285711
3341,50.183125,86.02059991327963
3342,50.18375,99.7354346853249
3343,50.184375,100.34066678597561
3344,50.185,104.71056893815097
3345,50.185625,107.7477965267746
3346,50.18625,109.60013885914302
3347,50.186875,111.82129214052999
3348,50.1875,112.66936911159172
3349,50.188125,113.14111705714208
3350,50.18875,114.90149583164114
3351,50.189375,116.43027056809547
3352,50.19,117.9194946471813
3353,50.190625,119.46255707199397
3354,50.19125,119.41623221745036
3355,50.191875,119.5909674940819
3356,50.1925,120.06058941107236
3357,50.193125,120.81995384846982
3358,50.19375,121.0615688696684
3359,50.194375,121.03076781030654
3360,50.195,120.78828238352274
3361,50.195625,120.71659650505657
3362,50.19625,120.32394707024878
3363,50.196875,119.54532424854585
3364,50.1975,118.9975540807375
3365,50.198125,117.70722440063024
3366,50.19875,115.77750231550834
3367,50.199375,113.42345685430166
3368,50.2,109.03572871048581
3369,50.200625,102.21179420598497
3370,50.20125,87.95880017344075
3371,50.201875,105.05706061959786
3372,50.2025,111.26962170788822
3373,50.203125,114.77561116968738
3374,50.20375,117.51279874008335
3375,50.204375,119.3322197336387
3376,50.205,120.77240323899404
3377,50.205625,122.02806701110661
3378,50.20625,123.10672074930123
3379,50.206875,123.91799304818468
3380,50.2075,124.55259299142017
3381,50.208125,125.17753258744263
3382,50.20875,125.6479100948505
3383,50.209375,126.029281462866
3384,50.21,126.3445469835284
3385,50.210625,126.42368054604628
3386,50.21125,126.46916733698936
3387,50.211875,126.50209965942815
3388,50.2125,126.61233334588877
3389,50.213125,126.72519104028387
3390,50.21375,126.63664088872497
3391,50.214375,125.99450307951274
3392,50.215,125.78731903040064
3393,50.215625,125.57964233730885
3394,50.21625,125.26798662668006
3395,50.216875,124.6700752068227
3396,50.2175,124.23308801106366
3397,50.218125,123.87362059082562
3398,50.21875,123.38760990623899
3399,50.219375,122.90392812228363
3400,50.22,122.34542591311529
3401,50.220625,121.64133868570225
3402,50.22125,121.3339710084599
3403,50.221875,121.07692853704505
3404,50.2225,120.70859476369097
3405,50.223125,119.609157845522
3406,50.22375,119.69054626687586
3407,50.224375,119.89513889175257
3408,50.225,119.56361033874828
3409,50.225625,119.79789127437547
3410,50.22625,119.78009231397074
3411,50.226875,119.68154067805662
3412,50.2275,120.81995384846982
3413,50.228125,121.24411617639426
3414,50.22875,121.44499795227028
3415,50.229375,121.76272177401103
3416,50.23,121.82630319394447
3417,50.230625,122.01430173146163
3418,50.23125,122.41805635229055
3419,50.231875,123.30488652250622
3420,50.2325,123.78418979164613
3421,50.233125,124.09325023496437
3422,50.23375,124.4699188192479
3423,50.234375,124.89049023140167
3424,50.235,125.2061989158984
3425,50.235625,125.38091419315245
3426,50.23625,125.6795856847696
3427,50.236875,125.92891588412792
3428,50.2375,126.10272637887279
3429,50.238125,126.059598734965
3430,50.23875,126.25200878522519
3431,50.239375,126.52671721857503
3432,50.24,126.82869049156281
3433,50.240625,126.80094635322787
3434,50.24125,126.72519104028387
3435,50.241875,126.64068554055036
3436,50.2425,126.7371964183362
3437,50.243125,126.80491523135863
3438,50.24375,126.75317782052284
3439,50.244375,126.46091470963404
3440,50.245,126.41953354685647
3441,50.245625,126.25200878522519
3442,50.24625,125.9245257452232
3443,50.246875,125.69763429310908
3444,50.2475,125.55218428608183
3445,50.248125,125.3668782790213
3446,50.24875,124.95946532723613
3447,50.249375,124.95455665819446
3448,50.25,124.77095775362656
3449,50.250625,124.24375208807916
3450,50.25125,123.7051753059317
3451,50.251875,123.41110117042417
3452,50.2525,123.27515047963912
3453,50.253125,123.07019978601674
3454,50.25375,122.55505031665948
3455,50.254375,122.04867411362672
3456,50.255,121.74142411813071
3457,50.255625,121.37113790144726
3458,50.25625,121.2064005737657
3459,50.256875,121.18369235262742
3460,50.2575,121.03076781030654
3461,50.258125,120.96883607100808
3462,50.25875,120.88295241757444
3463,50.259375,120.6604288936582
3464,50.26,120.54699215549513
3465,50.260625,120.84363189031534
3466,50.26125,121.38596024231057
3467,50.261875,121.05387883849936
3468,50.2625,121.236586145894
3469,50.263125,121.5836249209525
3470,50.26375,121.77689125454009
3471,50.264375,121.96595072989395
3472,50.265,121.97979278802353
3473,50.265625,121.84036941505595
3474,50.26625,122.50311659161059
3475,50.266875,122.87902232847927
3476,50.2675,123.05188155854938
3477,50.268125,123.0089881892176
3478,50.26875,123.07019978601674
3479,50.269375,123.18532662186989
3480,50.27,123.34634669496353
3481,50.270625,123.34634669496353
3482,50.27125,123.31082153444746
3483,50.271875,123.2691910353998
3484,50.2725,123.33452111160102
3485,50.273125,123.13098302663562
3486,50.27375,122.85404491475232
3487,50.274375,122.59379784398602
3488,50.275,122.72172194768196
3489,50.275625,122.63878590420848
3490,50.27625,122.40489591092731
3491,50.276875,122.51612916279055
3492,50.2775,122.51612916279055
3493,50.278125,122.3387929310151
3494,50.27875,121.82630319394447
3495,50.279375,122.47049961885465
3496,50.28,122.56798537435613
3497,50.280625,122.02118709816232
3498,50.28125,122.27218302146056
3499,50.281875,122.39171549923567
3500,50.2825,122.54857555703198
3501,50.283125,123.03964790914948
3502,50.28375,122.91014342819325
3503,50.284375,122.87278470549086
3504,50.285,123.11886035943674
3505,50.285625,123.28110583786903
3506,50.28625,123.65969934007163
3507,50.286875,124.20101699750275
3508,50.2875,124.91518711934553
3509,50.288125,125.19187757771897
3510,50.28875,125.47391175860184
3511,50.289375,125.95083335636319
3512,50.29,126.13707497386018
3513,50.290625,126.30680953254577
3514,50.29125,126.53081337033123
3515,50.291875,127.05907823420176
3516,50.2925,127.4065601555902
3517,50.293125,127.6727173672376
3518,50.29375,127.88903361652432
3519,50.294375,127.91700752037562
3520,50.295,128.03490164474124
3521,50.295625,128.24921094859923
3522,50.29625,128.38258615483952
3523,50.296875,128.5562114535198
3524,50.2975,128.70414206481496
3525,50.298125,128.75818071079
3526,50.29875,128.85899739155724
3527,50.299375,128.90273937426608
3528,50.3,128.87777093554743
3529,50.300625,129.0357287104858
3530,50.30125,128.9895679837473
3531,50.301875,128.8652597491739
3532,50.3025,128.908970285321
3533,50.303125,128.89026412668085
3534,50.30375,128.88089591836152
3535,50.304375,128.90273937426608
3536,50.305,128.78665387660527
3537,50.305625,128.81188523679663
3538,50.30625,128.908970285321
3539,50.306875,128.86838923565634
3540,50.3075,128.5788858007115
3541,50.308125,128.33946345206073
3542,50.30875,128.36270996850465
3543,50.309375,128.3328101467656
3544,50.31,128.12398847326625
3545,50.310625,127.77622826947047
3546,50.31125,127.65474531522662
3547,50.311875,127.61868926661404
3548,50.3125,127.50229369384449
3549,50.313125,127.09369107909458
3550,50.31375,126.93097117096947
3551,50.314375,126.74918522581311
3552,50.315,126.53081337033123
3553,50.315625,126.51851911542933
3554,50.31625,126.30260634367204
3555,50.316875,126.04661857368798
3556,50.3175,126.029281462866
3557,50.318125,125.58877576574041
3558,50.31875,125.3010757700803
3559,50.319375,125.37623807479561
3560,50.32,124.81597542234664
3561,50.320625,124.65484125441475
3562,50.32125,124.68528248757579
3563,50.321875,124.29687696095397
3564,50.3225,124.038861268033
3565,50.323125,123.87917956038373
3566,50.32375,123.8457722513624
3567,50.324375,123.49282385320898
3568,50.325,123.29894745243683
3569,50.325625,123.2393323272815
3570,50.32625,123.05188155854938
3571,50.326875,122.74074909579026
3572,50.3275,122.54857555703198
3573,50.328125,122.74074909579026
3574,50.32875,122.60667536990013
3575,50.329375,122.53561154024018
3576,50.33,122.55505031665948
3577,50.330625,122.23868552665364
3578,50.33125,122.00741090235125
3579,50.331875,121.78396733610298
3580,50.3325,121.4376401461225
3581,50.333125,121.21395680707224
3582,50.33375,120.89863092298319
3583,50.334375,120.44031479635441
3584,50.335,119.98261082574743
3585,50.335625,119.78009231397074
3586,50.33625,119.78899635333384
3587,50.336875,119.93898496990764
3588,50.3375,120.6925691325064
3589,50.338125,121.08459819726795
3590,50.33875,120.77240323899404
3591,50.339375,120.76445276737437
3592,50.34,121.07692853704505
3593,50.340625,121.52552510808435
3594,50.34125,121.4963288129035
3595,50.341875,121.81926153191463
3596,50.3425,122.04181051023673
3597,50.343125,121.84739399258241
3598,50.34375,121.43027610190177
3599,50.344375,121.09226109113776
3600,50.345,120.84363189031534
3601,50.345625,120.51430767802682
3602,50.34625,119.55447210577695
3603,50.346875,118.48558572123764
3604,50.3475,118.20181091188135
3605,50.348125,117.6048355179096
3606,50.34875,116.86465556196019
3607,50.349375,115.95919287474393
3608,50.35,114.69599659177695
3609,50.350625,113.34905905779907
3610,50.35125,111.7317460934351
3611,50.351875,109.36694660824315
3612,50.3525,105.2490217946086
3613,50.353125,100.42378598139877
3614,50.35375,98.169700377573
3615,50.354375,94.15140352195874
3616,50.355,104.55773409227348
3617,50.355625,108.81818164130436
3618,50.35625,111.4574320440096
3619,50.356875,113.55213905440988
3620,50.3575,114.93268397875157
3621,50.358125,115.64945248332572
3622,50.35875,116.43027056809547
3623,50.359375,117.40807810558054
3624,50.36,118.44412554878033
3625,50.360625,119.05584886088184
3626,50.36125,119.34159468288995
3627,50.361875,119.69954252830986
3628,50.3625,120.48971335398335
3629,50.363125,120.23986229318513
3630,50.36375,120.25674449410344
3631,50.364375,120.6281692850325
3632,50.365,120.34901459021071
3633,50.365625,120.57142505385075
3634,50.36625,120.92990328669417
3635,50.366875,120.97660173056701
3636,50.3675,120.51430767802682
3637,50.368125,120.47327836395587
3638,50.36875,121.1457128883643
3639,50.369375,121.81926153191463
3640,50.37,122.00051460215725
3641,50.370625,121.86843370324469
3642,50.37125,121.67005239660534
3643,50.371875,121.72719661349497
3644,50.3725,121.93820026016112
3645,50.373125,122.28554593123172
3646,50.37375,121.91732906957085
3647,50.374375,121.77689125454009
3648,50.375,121.81926153191463
3649,50.375625,121.69867149873433
3650,50.37625,121.96595072989395
3651,50.376875,122.28554593123172
3652,50.3775,122.43775970207363
3653,50.378125,122.411478624117
3654,50.37875,122.24539536834541
3655,50.379375,122.00051460215725
3656,50.38,122.32551175161089
3657,50.380625,122.09656807307312
3658,50.38125,121.74852914072572
3659,50.381875,121.79810222878797
3660,50.3825,121.78396733610298
3661,50.383125,121.76980940364793
3662,50.38375,121.76272177401103
3663,50.384375,121.61974093821775
3664,50.385,121.80516105862634
3665,50.385625,122.00741090235125
3666,50.38625,121.57638366197699
3667,50.386875,121.28915978453836
3668,50.3875,121.18369235262742
3669,50.388125,121.31159429456898
3670,50.38875,121.66288286286104
3671,50.389375,121.910360846463
3672,50.39,122.02806701110661
3673,50.390625,121.76272177401103
3674,50.39125,121.73431327889766
3675,50.391875,121.86843370324469
3676,50.3925,122.15098259489373
3677,50.393125,122.56798537435613
3678,50.39375,122.59379784398602
3679,50.394375,122.3188635387811
3680,50.395,122.51612916279055
3681,50.395625,122.60667536990013
3682,50.39625,122.64519379062091
3683,50.396875,122.67077816740436
3684,50.3975,122.84152922146569
3685,50.398125,122.92256071356476
3686,50.39875,122.90392812228363
3687,50.399375,123.29894745243683
3688,50.4,123.49282385320898
3689,50.400625,123.52761384486541
3690,50.40125,123.34634669496353
3691,50.401875,123.53339865336298
3692,50.4025,123.44037618849113
3693,50.403125,122.85404491475232
3694,50.40375,123.20937062238075
3695,50.404375,123.11279267519552
3696,50.405,122.75973465447063
3697,50.405625,122.58735191445972
3698,50.40625,122.39171549923567
3699,50.406875,122.30555182791802
3700,50.4075,122.41805635229055
3701,50.408125,121.91732906957085
3702,50.40875,121.22904958174387
3703,50.409375,120.42378598139877
3704,50.41,119.90392583194358
3705,50.410625,119.19036753945997
3706,50.41125,118.54740726078047
3707,50.411875,118.33960094640764
3708,50.4125,118.01826135475338
3709,50.413125,117.75234600671473
3710,50.41375,117.53589952401401
3711,50.414375,116.96378233982797
3712,50.415,116.68841407363064
3713,50.415625,116.65017825412474
3714,50.41625,116.91436035933319
3715,50.416875,116.08278864670702
3716,50.4175,115.47572889962387
3717,50.418125,115.490339314571
3718,50.41875,115.97301290890539
3719,50.419375,115.83381298040236
3720,50.42,115.490339314571
3721,50.420625,115.93148666420859
3722,50.42125,115.83381298040236
3723,50.421875,116.13716059037635
3724,50.4225,117.21873241400188
3725,50.423125,116.75176876471022
3726,50.42375,117.122488884846
3727,50.424375,118.08348736568327
3728,50.425,118.88965344300337
3729,50.425625,119.27575654691111
3730,50.42625,119.36031427987282
3731,50.426875,119.10413075083883
3732,50.4275,119.55447210577695
3733,50.428125,119.85990196862684
3734,50.42875,120.00868154958637
3735,50.429375,120.40722565295417
3736,50.43,120.41550976387116
3737,50.430625,120.44856742370973
3738,50.43125,120.99211225189947
3739,50.431875,121.48169378056487
3740,50.4325,121.67005239660534
3741,50.433125,121.51823522965556
3742,50.43375,121.28915978453836
3743,50.434375,121.3414171209074
3744,50.435,121.56188300812822
3745,50.435625,121.85441289368198
3746,50.43625,121.82630319394447
3747,50.436875,121.80516105862634
3748,50.4375,121.90338702863511
3749,50.438125,121.85441289368198
3750,50.43875,121.72007411236764
3751,50.439375,121.4963288129035
3752,50.44,121.1152092937547
3753,50.440625,120.96106346231218
3754,50.44125,120.83574637943502
3755,50.441875,120.62008562727074
3756,50.4425,120.6362454266074
3757,50.443125,120.27359394582385
3758,50.44375,119.6725257424907
3759,50.444375,120.06058941107236
3760,50.445,120.11218890720562
3761,50.445625,120.16348368012854
3762,50.44625,120.53066529046595
3763,50.446875,120.54699215549513
3764,50.4475,120.6925691325064
3765,50.448125,121.03076781030654
3766,50.44875,121.64133868570225
3767,50.449375,122.14419939295738
3768,50.45,122.5615202533743
3769,50.450625,122.86654259984093
3770,50.45125,123.37584040628364
3771,50.451875,123.63115547725572
3772,50.4525,123.52182518111363
3773,50.453125,123.94561116251239
3774,50.45375,124.17420039812802
3775,50.454375,124.36020085968727
3776,50.455,124.84585809965863
3777,50.455625,124.85082856596769
3778,50.45625,124.98885922885165
3779,50.456875,125.520039799241
3780,50.4575,125.56592416182548
3781,50.458125,125.45075554750476
3782,50.45875,125.2300154639656
3783,50.459375,125.13435491954974
3784,50.46,125.17753258744263
3785,50.460625,125.28691014100184
3786,50.46125,125.41357672289413
3787,50.461875,125.49700640033329
3788,50.4625,125.37623807479561
3789,50.463125,125.07160579124366
3790,50.46375,124.93981398483099
3791,50.464375,124.98885922885165
3792,50.465,125.03276440896425
3793,50.465625,124.85082856596769
3794,50.46625,124.5885169584139
3795,50.466875,124.35494146525586
3796,50.4675,124.18493697506747
3797,50.468125,124.20101699750275
3798,50.46875,123.77294591999436
3799,50.469375,123.19735694185134
3800,50.47,123.17930520766821
3801,50.470625,122.99054027508696
3802,50.47125,122.81644360218621
3803,50.471875,122.73441134312813
3804,50.4725,122.66438913464988
3805,50.473125,122.35867670079284
3806,50.47375,121.93820026016112
3807,50.474375,121.96595072989395
3808,50.475,121.72007411236764
3809,50.475625,121.46703404773803
3810,50.47625,121.3933619382319
3811,50.476875,121.38596024231057
3812,50.4775,121.4376401461225
3813,50.478125,121.55462359304784
3814,50.47875,121.79810222878797
3815,50.479375,121.634145401947
3816,50.48,121.59086014805811
3817,50.480625,122.2521000306915
3818,50.48125,122.42462910299244
3819,50.481875,122.27218302146056
3820,50.4825,121.84739399258241
3821,50.483125,122.01430173146163
3822,50.48375,122.2185248453284
3823,50.484375,122.37190730447524
3824,50.485,122.30555182791802
3825,50.485625,122.57444568676853
3826,50.48625,122.77236867798985
3827,50.486875,122.79128532351699
3828,50.4875,122.74708222741467
3829,50.488125,122.84778932237673
3830,50.48875,122.93496027261281
3831,50.489375,122.56798537435613
3832,50.49,122.65799539888967
3833,50.490625,122.88525547523982
3834,50.49125,123.13703802140023
3835,50.491875,123.49282385320898
3836,50.4925,123.61971161573462
3837,50.493125,123.59103582330376
3838,50.49375,123.74477239662957
3839,50.494375,123.89583515443849
3840,50.495,124.17420039812802
3841,50.495625,124.70551753374104
3842,50.49625,124.78598958253785
3843,50.496875,124.910253356283
3844,50.4975,125.08128905828676
3845,50.498125,124.78098186280383
3846,50.49875,124.64467042229467
3847,50.499375,124.69540590321833
3848,50.5,125.01327838926487
3849,50.500625,124.94964521354107
3850,50.50125,124.97907230991416
3851,50.501875,125.19187757771897
3852,50.5025,124.8954352299059
3853,50.503125,124.88059178060043
3854,50.50375,124.93981398483099
3855,50.504375,124.56287215195485
3856,50.505,124.4699188192479
3857,50.505625,124.58339405078203
3858,50.50625,124.89049023140167
3859,50.506875,124.47510907314482
3860,50.5075,124.32331804571986
3861,50.508125,124.4230664390941
3862,50.50875,124.64975732705973
3863,50.509375,124.62939180861362
3864,50.51,124.47510907314482
3865,50.510625,124.22775105873718
3866,50.51125,124.12572088824865
3867,50.511875,124.136517520637
3868,50.5125,124.22775105873718
3869,50.513125,124.15268734777923
3870,50.51375,124.13112088198059
3871,50.514375,124.04431551602264
3872,50.515,123.72216759626411
3873,50.515625,123.86249196708924
3874,50.51625,123.89583515443849
3875,50.516875,123.7108430970875
3876,50.5175,123.29894745243683
3877,50.518125,122.94734215587573
3878,50.51875,122.68354215153533
3879,50.519375,122.61953383211234
3880,50.52,122.55505031665948
3881,50.520625,122.43119688375002
3882,50.52125,122.23197049760788
3883,50.521875,121.83333915191369
3884,50.5225,121.76272177401103
3885,50.523125,121.77689125454009
3886,50.52375,121.05387883849936
3887,50.524375,120.70859476369097
3888,50.525,120.48149974614853
3889,50.525625,120.22294721551596
3890,50.52625,120.04332123513015
3891,50.526875,120.02601866040835
3892,50.5275,120.04332123513015
3893,50.528125,119.30403402051824
3894,50.52875,119.0848501887865
3895,50.529375,118.86989031812206
3896,50.53,118.09431090557362
3897,50.530625,118.0073425731294
3898,50.53125,117.97450363178987
3899,50.531875,117.85302067754601
3900,50.5325,117.18276594589062
3901,50.533125,117.00066515379538
3902,50.53375,117.110383113356
3903,50.534375,117.26645720240911
3904,50.535,116.95145318284224
3905,50.535625,116.7138114298485
3906,50.53625,116.70112203440233
3907,50.536875,116.06914231296828
3908,50.5375,116.12359947967775
3909,50.538125,116.49552924951092
3910,50.53875,116.31155496648535
3911,50.539375,116.56030128447954
3912,50.54,116.3777082918802
3913,50.540625,115.22351626311463
3914,50.54125,114.93268397875157
3915,50.541875,114.93268397875157
3916,50.5425,115.14792057586048
3917,50.543125,115.40230589574205
3918,50.54375,115.54853644778623
3919,50.544375,115.53402367976823
3920,50.545,115.28352264780662
3921,50.545625,115.88976093318338
3922,50.54625,116.16421945848444
3923,50.546875,116.110017163168
3924,50.5475,116.48251667833097
3925,50.548125,116.67568749312957
3926,50.54875,116.5731979307064
3927,50.549375,115.7916142432885
3928,50.55,116.24489393600739
3929,50.550625,116.12359947967775
3930,50.55125,115.05632862376542
3931,50.551875,115.3579523203618
3932,50.5525,114.96376054012401
3933,50.553125,114.13435564673519
3934,50.55375,113.47883997268175
3935,50.554375,114.08301033679598
3936,50.555,114.63177530373478
3937,50.555625,114.74385285409475
3938,50.55625,115.60634624280303
3939,50.556875,115.56302500767288
3940,50.5575,114.97925722512322
3941,50.558125,115.02558207966685
3942,50.55875,114.99472631138121
3943,50.559375,115.01016789702692
3944,50.56,115.10224532790141
3945,50.560625,114.91710390347458
3946,50.56125,114.97925722512322
3947,50.561875,115.22351626311463
3948,50.5625,114.91710390347458
3949,50.563125,115.29845969299777
3950,50.56375,115.47572889962387
3951,50.564375,114.46911344070372
3952,50.565,112.82948221008199
3953,50.565625,111.97581013526231
3954,50.56625,112.40272109947514
3955,50.566875,112.54731713185465
3956,50.5675,113.02556027996289
3957,50.568125,113.40491706148248
3958,50.56875,112.96720021961863
3959,50.569375,112.25567713439472
3960,50.57,112.14910046429337
3961,50.570625,112.98669717424283
3962,50.57125,113.3677183338
3963,50.571875,113.2173095600774
3964,50.5725,112.70967493629824
3965,50.573125,112.2979443206627
3966,50.57375,111.61849951351238
3967,50.574375,110.98006524051576
3968,50.575,110.65508757984995
3969,50.575625,109.4843252815251
3970,50.57625,108.5302252272915
3971,50.576875,107.99347442962076
3972,50.5775,108.43207853739662
3973,50.578125,106.40292572222108
3974,50.57875,101.86843370324469
3975,50.579375,90.37027879755775
3976,50.58,95.70659670021534
3977,50.580625,96.25826713285711
3978,50.58125,90.88136088700551
3979,50.581875,95.41704023284288
3980,50.5825,69.54242509439325
3981,50.583125,93.97940008672037
3982,50.58375,82.92256071356476
3983,50.584375,80.82785370316451
3984,50.585,93.44195715871435
3985,50.585625,97.84189205380962
3986,50.58625,100.66847510973899
3987,50.586875,100.42378598139877
3988,50.5875,99.18082784642188
3989,50.588125,101.21395680707224
3990,50.58875,98.27627704767434
3991,50.589375,92.46498580795802
3992,50.59,83.52182518111363
3993,50.590625,95.84783378996507
3994,50.59125,103.91799304818468
3995,50.591875,108.164799306237
3996,50.5925,109.65747167217508
3997,50.593125,111.82129214052999
3998,50.59375,114.0486107289105
3999,50.594375,116.25826713285711
4000,50.595,117.30207949282257
4001,50.595625,118.20181091188135
4002,50.59625,119.10413075083883
4003,50.596875,120.46504919267423
4004,50.5975,121.1152092937547
4005,50.598125,121.56913636106586
4006,50.59875,122.18481937176406
4007,50.599375,122.63237328698251
4008,50.6,123.23334824875472
4009,50.600625,123.97314173908846
4010,50.60125,123.93457445246574
4011,50.601875,124.16882712877134
4012,50.6025,124.49066125212171
4013,50.603125,124.60897842756549
4014,50.60375,125.07644877416146
4015,50.604375,125.35281964691832
4016,50.605,125.29163458476155
4017,50.605625,125.27272137176217
4018,50.60625,125.29635646019074
4019,50.606875,125.26324929924434
4020,50.6075,124.83092961193097
4021,50.608125,124.60897842756549
4022,50.60875,124.41262038896184
4023,50.609375,124.14730074938143
4024,50.61,124.18493697506747
4025,50.610625,124.0823996531185
4026,50.61125,123.8513490667309
4027,50.611875,123.71650719225924
4028,50.6125,123.52761384486541
4029,50.613125,123.23334824875472
4030,50.61375,122.7534107447351
4031,50.614375,122.54209596729616
4032,50.615,122.29221968464346
4033,50.615625,121.96595072989395
4034,50.61625,121.86843370324469
4035,50.616875,121.61252973843611
4036,50.6175,121.2591566816902
4037,50.618125,120.89863092298319
4038,50.61875,120.8593814678636
4039,50.619375,120.6925691325064
4040,50.62,120.23986229318513
4041,50.620625,119.7354346853249
4042,50.62125,119.93023344308357
4043,50.621875,120.39893363357685
4044,50.6225,120.30719510818429
4045,50.623125,120.11218890720562
4046,50.62375,119.96518676847398
4047,50.624375,119.96518676847398
4048,50.625,120.02601866040835
4049,50.625625,120.23986229318513
4050,50.62625,120.57142505385075
4051,50.626875,120.81204680228147
4052,50.6275,120.81995384846982
4053,50.628125,120.6281692850325
4054,50.62875,120.20599913279624
4055,50.629375,120.83574637943502
4056,50.63,121.12284524118104
4057,50.630625,121.0615688696684
4058,50.63125,121.3933619382319
4059,50.631875,121.44499795227028
4060,50.6325,121.3933619382319
4061,50.633125,121.4155292568687
4062,50.63375,121.88942257283288
4063,50.634375,122.36529452178958
4064,50.635,122.73441134312813
4065,50.635625,122.18481937176406
4066,50.63625,121.93820026016112
4067,50.636875,121.93820026016112
4068,50.6375,122.10338855998664
4069,50.638125,122.46396150063998
4070,50.63875,122.7534107447351
4071,50.639375,122.87902232847927
4072,50.64,123.1913438646724
4073,50.640625,123.20937062238075
4074,50.64125,123.14308879812563
4075,50.641875,123.60251750328106
4076,50.6425,123.77856967521707
4077,50.643125,123.76731852126296
4078,50.64375,123.55649943729362
4079,50.644375,123.79541912693747
4080,50.645,123.87917956038373
4081,50.645625,123.83460786725713
4082,50.64625,123.98412958323317
4083,50.646875,124.13112088198059
4084,50.6475,124.10950073481783
4085,50.648125,123.67678074112843
4086,50.64875,123.4169640728662
4087,50.649375,123.34634669496353
4088,50.65,123.47537646273301
4089,50.650625,123.68814970824641
4090,50.65125,123.51603265696559
4091,50.651875,123.16724984190499
4092,50.6525,122.89770836574284
4093,50.653125,122.92256071356476
4094,50.65375,122.82899546800934
4095,50.654375,122.48356110949351
4096,50.655,122.21179420598497
4097,50.655625,122.36529452178958
4098,50.65625,122.68991711669347
4099,50.656875,122.65159695319474
4100,50.6575,122.31221023348598
4101,50.658125,122.07607441911915
4102,50.65875,122.19157093808774
4103,50.659375,122.54209596729616
4104,50.66,122.34542591311529
4105,50.660625,121.84036941505595
4106,50.66125,122.32551175161089
4107,50.661875,122.6962874064092
4108,50.6625,122.77867880513847
4109,50.663125,122.36529452178958
4110,50.66375,122.28554593123172
4111,50.664375,122.19157093808774
4112,50.665,122.07607441911915
4113,50.665625,122.1713004746567
4114,50.66625,122.29221968464346
4115,50.666875,122.2988883142517
4116,50.6675,121.95208657748822
4117,50.668125,122.00741090235125
4118,50.66875,122.15098259489373
4119,50.669375,122.32551175161089
4120,50.67,122.30555182791802
4121,50.670625,122.43775970207363
4122,50.67125,122.54209596729616
4123,50.671875,122.23197049760788
4124,50.6725,122.00051460215725
4125,50.673125,121.91732906957085
4126,50.67375,122.03494147892732
4127,50.674375,121.73431327889766
4128,50.675,121.77689125454009
4129,50.675625,121.96595072989395
4130,50.67625,121.53280887340684
4131,50.676875,121.34885685552761
4132,50.6775,121.1533220781966
4133,50.678125,120.78828238352274
4134,50.67875,120.53066529046595
4135,50.679375,120.32394707024878
4136,50.68,120.1975126742432
4137,50.680625,120.39063369062511
4138,50.68125,119.51782272803585
4139,50.681875,118.48558572123764
4140,50.6825,118.55766820661414
4141,50.683125,118.22315217479954
4142,50.68375,117.98546374635208
4143,50.684375,117.94154006418842
4144,50.685,117.75234600671473
4145,50.685625,117.7635898783665
4146,50.68625,117.71852679602861
4147,50.686875,117.17074395139278
4148,50.6875,117.17074395139278
4149,50.688125,117.2545505663595
4150,50.68875,117.30207949282257
4151,50.689375,117.21873241400188
4152,50.69,117.46641203630799
4153,50.690625,118.08348736568327
4154,50.69125,119.25685362402484
4155,50.691875,119.47179246854515
4156,50.6925,119.46255707199397
4157,50.693125,119.49023385474658
4158,50.69375,120.31557512778082
4159,50.694375,120.5632883884894
4160,50.695,120.48971335398335
4161,50.695625,121.31159429456898
4162,50.69625,121.7058115646013
4163,50.696875,122.01430173146163
4164,50.6975,122.47049961885465
4165,50.698125,122.8101608607636
4166,50.69875,122.81644360218621
4167,50.699375,122.52912226863609
4168,50.7,122.7280689626798
4169,50.700625,122.66438913464988
4170,50.70125,122.56798537435613
4171,50.701875,122.76605396332563
4172,50.7025,122.45741845728871
4173,50.703125,122.2521000306915
4174,50.70375,122.27886704613674
4175,50.704375,121.74142411813071
4176,50.705,121.42290580902167
4177,50.705625,121.1533220781966
4178,50.70625,120.53883255918059
4179,50.706875,120.5061173052954
4180,50.7075,120.40722565295417
4181,50.708125,119.97390316623311
4182,50.70875,119.237909473357
4183,50.709375,118.87977750147543
4184,50.71,118.78039552897333
4185,50.710625,118.32907897099851
4186,50.71125,117.70722440063024
4187,50.711875,117.23068821718076
4188,50.7125,117.18276594589062
4189,50.713125,115.83381298040236
4190,50.71375,115.59192982515648
4191,50.714375,116.3777082918802
4192,50.715,115.53402367976823
4193,50.715625,115.22351626311463
4194,50.71625,115.23855676841059
4195,50.716875,115.4464341344584
4196,50.7175,115.25357127454873
4197,50.718125,115.32825694224799
4198,50.71875,115.6923458526575
4199,50.719375,114.43621230425093
4200,50.72,113.44195715871435
4201,50.720625,113.12196404025664
4202,50.72125,114.45267845067625
4203,50.721875,114.79144688900185
4204,50.7225,114.91710390347458
4205,50.723125,114.96376054012401
4206,50.72375,114.75974652666862
4207,50.724375,114.85450262609397
4208,50.725,115.07166117785813
4209,50.725625,114.87019529456859
4210,50.72625,114.51823264590097
4211,50.726875,114.28659519490466
4212,50.7275,114.35341006004523
4213,50.728125,115.11749711344983
4214,50.72875,115.38754652152276
4215,50.729375,115.4317496176251
4216,50.73,116.68841407363064
4217,50.730625,117.09826044615711
4218,50.73125,117.15870529438858
4219,50.731875,117.07396423552348
4220,50.7325,117.46641203630799
4221,50.733125,118.05093558627982
4222,50.73375,118.71014531649425
4223,50.734375,118.78039552897333
4224,50.735,118.83022865268806
4225,50.735625,118.94867443774102
4226,50.73625,119.30403402051824
4227,50.736875,119.87753829882422
4228,50.7375,120.137874158958
4229,50.738125,119.96518676847398
4230,50.73875,119.87753829882422
4231,50.739375,120.30719510818429
4232,50.74,120.87510253937359
4233,50.740625,120.87510253937359
4234,50.74125,120.62008562727074
4235,50.741875,120.45681221753055
4236,50.7425,120.5632883884894
4237,50.743125,121.1685204891401
4238,50.74375,121.26666717903498
4239,50.744375,121.0615688696684
4240,50.745,121.28915978453836
4241,50.745625,121.16092460790563
4242,50.74625,121.01532622466084
4243,50.746875,121.09226109113776
4244,50.7475,121.05387883849936
4245,50.748125,120.96883607100808
4246,50.74875,120.93770381675421
4247,50.749375,121.57638366197699
4248,50.75,121.67005239660534
4249,50.750625,121.6053125467969
4250,50.75125,121.74852914072572
4251,50.751875,122.19831726047586
4252,50.7525,122.19831726047586
4253,50.753125,121.66288286286104
4254,50.75375,122.34542591311529
4255,50.754375,122.42462910299244
4256,50.755,122.2988883142517
4257,50.755625,122.58735191445972
4258,50.75625,122.63878590420848
4259,50.756875,122.61310698044062
4260,50.7575,122.54857555703198
4261,50.758125,122.48356110949351
4262,50.75875,122.73441134312813
4263,50.759375,123.11886035943674
4264,50.76,123.14308879812563
4265,50.760625,123.34634669496353
4266,50.76125,123.42282302056765
4267,50.761875,123.16121587873211
4268,50.7625,122.92876270571549
4269,50.763125,122.99054027508696
4270,50.76375,123.29300431868595
4271,50.764375,123.52761384486541
4272,50.765,123.72216759626411
4273,50.765625,123.8513490667309
4274,50.76625,123.89028683764934
4275,50.766875,123.97863739864418
4276,50.7675,124.17420039812802
4277,50.768125,124.45432942295167
4278,50.76875,124.38645016838674
4279,50.769375,124.32331804571986
4280,50.77,124.31275126870122
4281,50.770625,124.4387119965601
4282,50.77125,124.56287215195485
4283,50.771875,124.65992220784308
4284,50.7725,124.72570554896058
4285,50.773125,124.5731391621787
4286,50.77375,124.74081582758382
4287,50.774375,125.06191171698063
4288,50.775,125.19665398126968
4289,50.775625,125.10545010206613
4290,50.77625,124.80099544225295
4291,50.776875,124.20637039652463
4292,50.7775,124.57826811989376
4293,50.778125,124.78098186280383
4294,50.77875,124.79099441680945
4295,50.779375,124.53199810414715
4296,50.78,124.37071010433056
4297,50.780625,124.20637039652463
4298,50.78125,123.96764260016589
4299,50.781875,124.04976634120187
4300,50.7825,123.94009456046092
4301,50.783125,123.63687175889545
4302,50.78375,123.79541912693747
4303,50.784375,123.82902028929792
4304,50.785,123.8513490667309
4305,50.785625,123.98412958323317
4306,50.78625,123.85692230377684
4307,50.786875,123.94009456046092
4308,50.7875,124.32331804571986
4309,50.788125,124.61919111497139
4310,50.78875,124.84585809965863
4311,50.789375,125.0035189616785
4312,50.79,125.07160579124366
4313,50.790625,125.07160579124366
4314,50.79125,125.22049667984795
4315,50.791875,125.61611856787334
4316,50.7925,126.06824141193484
4317,50.793125,126.40708065635344
4318,50.79375,126.60827546698383
4319,50.794375,126.46916733698936
4320,50.795,126.70514512869063
4321,50.795625,126.91139512112784
4322,50.79625,126.84450458721582
4323,50.796875,127.13580920703433
4324,50.7975,127.38802827393249
4325,50.798125,127.58248292140784
4326,50.79875,127.7442360062746
4327,50.799375,127.83986144519426
4328,50.8,127.79749116781971
4329,50.800625,127.46559786554991
4330,50.80125,127.62230161419701
4331,50.801875,127.69781593061109
4332,50.8025,127.62230161419701
4333,50.803125,127.69423485876565
4334,50.80375,127.58611035501164
4335,50.804375,127.46191974157455
4336,50.805,127.61146006133774
4337,50.805625,127.7477965267746
4338,50.80625,127.7156991768667
4339,50.806875,127.45824005940213
4340,50.8075,127.30975969781798
4341,50.808125,127.46559786554991
4342,50.80875,127.73711058369449
4343,50.809375,127.64034085149737
4344,50.81,127.60784320114055
4345,50.810625,127.64034085149737
4346,50.81125,127.75135558834377
4347,50.811875,127.99347442962076
4348,50.8125,128.05554139220695
4349,50.813125,128.01766431096726
4350,50.81375,128.32615174119763
4351,50.814375,128.41231541251528
4352,50.815,128.49109953213426
4353,50.815625,128.74232186096157
4354,50.81625,128.69776241734633
4355,50.816875,128.7992787184181
4356,50.8175,129.06330785051716
4357,50.818125,129.22997053566039
4358,50.81875,129.40232706302007
4359,50.819375,129.67744908445349
4360,50.82,130.20285398805146
4361,50.820625,130.34127746965308
4362,50.82125,130.39131001761018
4363,50.821875,130.42276167408073
4364,50.8225,130.5731929046998
4365,50.823125,130.6652703355743
4366,50.82375,130.74882566815896
4367,50.824375,130.90861658930703
4368,50.825,131.0606603240488
4369,50.825625,131.19813250072224
4370,50.82625,131.31931634893334
4371,50.826875,131.41552737589495
4372,50.8275,131.49682390126767
4373,50.828125,131.5865240751051
4374,50.82875,131.7699160201442
4375,50.829375,131.92314161832346
4376,50.83,132.03685579564197
4377,50.830625,132.09531769407775
4378,50.83125,132.28106211974438
4379,50.831875,132.45463930329439
4380,50.8325,132.60245285718625
4381,50.833125,132.71369525094445
4382,50.83375,132.73777813967598
4383,50.834375,132.81558954689714
4384,50.835,133.12004641365914
4385,50.835625,133.2381458553204
4386,50.83625,133.35652757901423
4387,50.836875,133.51006769455915
4388,50.8375,133.71304368231048
4389,50.838125,133.7968281827501
4390,50.83875,133.8463608851856
4391,50.839375,134.00022124644227
4392,50.84,134.07957650016772
4393,50.840625,134.13947352352355
4394,50.84125,134.19218242145297
4395,50.841875,134.26645009974055
4396,50.8425,134.37999275757437
4397,50.843125,134.50189042162938
4398,50.84375,134.54106022707714
4399,50.844375,134.64626654942487
4400,50.845,134.73270995373642
4401,50.845625,134.74862401029165
4402,50.84625,134.8560731693833
4403,50.846875,134.9389081923021
4404,50.8475,135.002450535668
4405,50.848125,135.10682367623096
4406,50.84875,135.1918461729195
4407,50.849375,135.23404735082826
4408,50.85,135.19788748051
4409,50.850625,135.19939715108615
4410,50.85125,135.15399250175477
4411,50.851875,135.07319294571997
4412,50.8525,135.19637754749652
4413,50.853125,135.25207099133607
4414,50.85375,135.25057044894
4415,50.854375,135.18277632562334
4416,50.855,135.20694157059813
4417,50.855625,135.23705388932765
4418,50.85625,135.25057044894
4419,50.856875,135.1691537722093
4420,50.8575,135.11749711344982
4421,50.858125,135.09308138510863
4422,50.85875,135.09308138510863
4423,50.859375,135.10529782824494
4424,50.86,135.0991917544342
4425,50.860625,135.05786309769186
4426,50.86125,135.12663534642115
4427,50.861875,135.10071867535544
4428,50.8625,135.02096069640376
4429,50.863125,135.0839077637968
4430,50.86375,135.08849578554518
4431,50.864375,135.042506145958
4432,50.865,134.93268397875158
4433,50.865625,134.87489757184923
4434,50.86625,134.804094710149
4435,50.866875,134.73111694325272
4436,50.8675,134.78036491766963
4437,50.868125,134.63499767054526
4438,50.86875,134.4444492793946
4439,50.869375,134.37667436607722
4440,50.87,134.2361445808238
4441,50.870625,134.16841800269427
4442,50.87125,134.2040402931077
4443,50.871875,134.11043226845334
4444,50.8725,134.08472674617576
4445,50.873125,134.05722341145858
4446,50.87375,133.89210397867137
4447,50.874375,133.83577048805395
4448,50.875,133.76661636224532
4449,50.875625,133.63928917989367
4450,50.87625,133.5776482934147
4451,50.876875,133.48619777882953
4452,50.8775,133.36398968397324
4453,50.878125,133.198324001397
4454,50.87875,133.17739184403925
4455,50.879375,133.15449908410216
4456,50.88,133.037185384939
4457,50.880625,132.9925377368106
4458,50.88125,132.9378724833549
4459,50.881875,132.88088985629497
4460,50.8825,132.88680197652644
4461,50.883125,132.8274989038425
4462,50.88375,132.7237379039745
4463,50.884375,132.57799128841214
4464,50.885,132.49389062544162
4465,50.885625,132.4110488945887
4466,50.88625,132.3063731322296
4467,50.886875,132.03685579564197
4468,50.8875,131.99329557576834
4469,50.888125,132.01510299279238
4470,50.88875,131.88121802540837
4471,50.889375,131.81460811585382
4472,50.89,131.71823420638867
4473,50.890625,131.56361219255555
4474,50.89125,131.3522888546169
4475,50.891875,131.2124774909986
4476,50.8925,131.12122318019064
4477,50.893125,131.03143947348508
4478,50.89375,130.9209773280347
4479,50.894375,130.73621731983084
4480,50.895,130.43060682557422
4481,50.895625,130.28829841160737
4482,50.89625,130.12739434191008
4483,50.896875,129.93582631400085
4484,50.8975,129.70874962152604
4485,50.898125,129.40820981951862
4486,50.89875,129.15763793467985
4487,50.899375,129.08469791496532
4488,50.9,128.908970285321
4489,50.900625,128.64976511541013
4490,50.90125,128.3328101467656
4491,50.901875,128.1851330407782
4492,50.9025,127.78686622504155
4493,50.903125,127.37689013651644
4494,50.90375,127.32472247436587
4495,50.904375,126.9855505493591
4496,50.905,126.68505284668461
4497,50.905625,126.50620743422122
4498,50.90625,126.38212118619552
4499,50.906875,126.12421016335523
4500,50.9075,125.80959626661347
4501,50.908125,125.57964233730885
4502,50.90875,125.3199274099016
4503,50.909375,125.09096154217949
4504,50.91,124.92504624598644
4505,50.910625,124.55259299142017
4506,50.91125,124.11491081885325
4507,50.911875,123.68814970824641
4508,50.9125,123.59677856046373
4509,50.913125,123.53917961173818
4510,50.91375,123.4169640728662
4511,50.914375,123.13703802140023
4512,50.915,122.90392812228363
4513,50.915625,122.72172194768196
4514,50.91625,122.60667536990013
4515,50.916875,122.58735191445972
4516,50.9175,122.45087048137508
4517,50.918125,122.21179420598497
4518,50.91875,121.81926153191463
4519,50.919375,121.57638366197699
4520,50.92,121.46703404773803
4521,50.920625,121.48169378056487
4522,50.92125,121.25163968456326
4523,50.921875,121.13809702672945
4524,50.9225,121.13809702672945
4525,50.923125,121.28915978453836
4526,50.92375,121.0615688696684
4527,50.924375,120.71659650505657
4528,50.925,120.33231095114354
4529,50.925625,120.24830749524867
4530,50.92625,120.0
4531,50.926875,119.70852948166004
4532,50.9275,119.6725257424907
4533,50.928125,119.76225680536703
4534,50.92875,119.6725257424907
4535,50.929375,119.19989676656833
4536,50.93,119.36031427987282
4537,50.930625,119.237909473357
4538,50.93125,118.87977750147543
4539,50.931875,118.75035784034694
4540,50.9325,118.71014531649425
4541,50.933125,118.72021591430419
4542,50.93375,118.75035784034694
4543,50.934375,119.40693752460186
4544,50.935,119.63637214341327
4545,50.935625,119.41623221745036
4546,50.93625,119.53616674676132
4547,50.936875,119.85107035664271
4548,50.9375,120.18901791597388
4549,50.938125,120.41550976387116
4550,50.93875,120.08642747565284
4551,50.939375,120.0
4552,50.94,120.33231095114354
4553,50.940625,120.42378598139877
4554,50.94125,120.39893363357685
4555,50.941875,120.39063369062511
4556,50.9425,120.66847510973899
4557,50.943125,120.83574637943502
4558,50.94375,120.74852995881247
4559,50.944375,120.29880699585873
4560,50.945,120.26517330567033
4561,50.945625,119.64542466079136
4562,50.94625,118.61898062335045
4563,50.946875,118.33960094640764
4564,50.9475,118.07265032168475
4565,50.948125,117.66186717151379
4566,50.94875,116.88954351491363
4567,50.949375,116.05547450583953
4568,50.95,115.17823784795948
4569,50.950625,114.16841800269425
4570,50.95125,112.23446616014684
4571,50.951875,111.22202767298113
4572,50.9525,109.85520778053676
4573,50.953125,104.86076097372589
4574,50.95375,101.93820026016112
4575,50.954375,96.39087871083737
4576,50.955,84.60897842756549
4577,50.955625,97.501225267834
4578,50.95625,103.52182518111363
4579,50.956875,107.34711842052037
4580,50.9575,109.77101433000888
4581,50.958125,112.66936911159172
4582,50.95875,114.35341006004523
4583,50.959375,114.90149583164114
4584,50.96,116.40402918971282
4585,50.960625,117.59338411264108
4586,50.96125,118.56791704513428
4587,50.961875,119.36031427987282
4588,50.9625,120.6362454266074
4589,50.963125,121.540086535867
4590,50.96375,121.75562835619084
4591,50.964375,122.40489591092731
4592,50.965,122.9843822531076
4593,50.965625,123.52182518111363
4594,50.96625,124.22241082516098
4595,50.966875,124.56287215195485
4596,50.9675,124.84585809965863
4597,50.968125,125.29163458476155
4598,50.96875,125.58877576574041
4599,50.969375,125.89373248558887
4600,50.97,126.20536733264896
4601,50.970625,126.39044898130908
4602,50.97125,126.51031326726296
4603,50.971875,126.63664088872497
4604,50.9725,126.89570245265321
4605,50.973125,127.12434268439469
4606,50.97375,127.20050178378796
4607,50.974375,127.10903040253035
4608,50.975,127.37689013651644
4609,50.975625,127.54612502136398
4610,50.97625,127.60784320114055
4611,50.976875,127.47294944418435
4612,50.9775,127.58973627434548
4613,50.978125,127.65834270175063
4614,50.97875,127.53518790809761
4615,50.979375,127.79040931692755
4616,50.98,127.80810312960162
4617,50.980625,127.65114643817572
4618,50.98125,127.63673599996686
4619,50.981875,127.67989578883466
4620,50.9825,127.69065230988497
4621,50.983125,127.58973627434548
4622,50.98375,127.6295218055006
4623,50.984375,127.8045672493826
4624,50.985,128.0589765868881
4625,50.985625,127.91700752037562
4626,50.98625,127.85042179863865
4627,50.986875,127.8469031072241
4628,50.9875,127.93096075974263
4629,50.988125,127.95184868076234
4630,50.98875,128.00384977185152
4631,50.989375,128.1035109243598
4632,50.99,128.0829849841939
4633,50.990625,128.1817473889567
4634,50.99125,128.30614584451135
4635,50.991875,128.25928543993325
4636,50.9925,128.42549582420693
4637,50.993125,128.55945427216417
4638,50.99375,128.58212016665394
4639,50.994375,128.75501125640776
4640,50.995,128.8652597491739
4641,50.995625,128.96175333384684
4642,50.99625,129.20893567761442
4643,50.996875,129.2599322405611
4644,50.9975,129.30170575114866
4645,50.998125,129.44342293384727
4646,50.99875,129.54531990849705
4647,50.999375,129.7144285296316
4648,51.0,129.92197984265144
4649,51.000625,129.98824251344553
4650,51.00125,129.98824251344553
4651,51.001875,129.98824251344553
4652,51.0025,130.05400350621125
4653,51.003125,130.18405044662205
4654,51.00375,130.22429402272775
4655,51.004375,130.15981449639384
4656,51.005,130.08669823604927
4657,51.005625,130.1759793080781
4658,51.00625,130.25902159944982
4659,51.006875,130.06491542930226
4660,51.0075,130.04307785742722
4661,51.008125,129.98273989074767
4662,51.00875,129.83843425172302
4663,51.009375,129.97998727160305
4664,51.01,129.97172417635034
4665,51.010625,129.88587537330665
4666,51.01125,129.86637216464203
4667,51.011875,129.8019801012661
4668,51.0125,129.69453608597323
4669,51.013125,129.5279365345066
4670,51.01375,129.28084410877622
4671,51.014375,129.21194377795203
4672,51.015,129.26890063540856
4673,51.015625,129.16671251983894
4674,51.01625,129.07859184115458
4675,51.016875,129.00190151743206
4676,51.0175,128.9369542031162
4677,51.018125,128.9214187140201
4678,51.01875,128.8150340095837
4679,51.019375,128.63370689372024
4680,51.02,128.6657937039005
4681,51.020625,128.45835961535326
4682,51.02125,128.1952820853269
4683,51.021875,128.1035109243598
4684,51.0225,127.93792898285048
4685,51.023125,127.75846933946873
4686,51.02375,127.58973627434548
4687,51.024375,127.73354567921675
4688,51.025,127.59698357525659
4689,51.025625,127.33965951955702
4690,51.02625,127.26095189042186
4691,51.026875,127.25718605917362
4692,51.0275,127.20429226590704
4693,51.028125,127.0475099000104
4694,51.02875,126.88784547370221
4695,51.029375,126.8839143174287
4696,51.03,126.90747461118177
4697,51.030625,126.51441716038825
4698,51.03125,126.3152098133147
4699,51.031875,126.26046220646475
4700,51.0325,126.34872993070198
4701,51.033125,126.17982058000328
4702,51.03375,126.11132627030608
4703,51.034375,126.12421016335523
4704,51.035,125.87167026992233
4705,51.035625,125.98578668175361
4706,51.03625,126.07687549777309
4707,51.036875,125.7515561815741
4708,51.0375,125.520039799241
4709,51.038125,125.38558779543797
4710,51.03875,125.35281964691832
4711,51.039375,125.29163458476155
4712,51.04,125.1535714973837
4713,51.040625,124.93981398483099
4714,51.04125,124.61408627225138
4715,51.041875,124.14191080838435
4716,51.0425,123.59103582330376
4717,51.043125,122.96588194869491
4718,51.04375,122.60667536990013
4719,51.044375,122.14419939295738
4720,51.045,121.66288286286104
4721,51.045625,121.46703404773803
4722,51.04625,120.78034643994825
4723,51.046875,120.08642747565284
4724,51.0475,119.7264755410153
4725,51.048125,118.72021591430419
4726,51.04875,117.48963635398934
4727,51.049375,116.21808561337401
4728,51.05,116.25826713285711
4729,51.050625,114.61564551332778
4730,51.05125,112.46498580795802
4731,51.051875,111.7317460934351
4732,51.0525,111.5956719323362
4733,51.053125,111.2933212850418
4734,51.05375,110.70588240085542
4735,51.054375,110.07581366114363
4736,51.055,108.56269588057577
4737,51.055625,106.27734440738307
4738,51.05625,103.63687175889545
4739,51.056875,94.64787519645937
4740,51.0575,83.52182518111363
4741,51.058125,91.82129214052999
4742,51.05875,93.06425027550688
4743,51.059375,93.62482474751175
4744,51.06,94.48551739201578
4745,51.060625,97.72981450344965
4746,51.06125,100.74852995881247
4747,51.061875,102.9843822531076
4748,51.0625,104.71056893815097
4749,51.063125,103.86249196708923
4750,51.06375,105.2490217946086
4751,51.064375,107.15869694000908
4752,51.065,105.29635646019074
4753,51.065625,107.27223959784288
4754,51.06625,109.03572871048581
4755,51.066875,109.03572871048581
4756,51.0675,110.6805221211227
4757,51.068125,111.57278419936145
4758,51.06875,111.82129214052999
4759,51.069375,112.1918881845044
4760,51.07,112.48564191671336
4761,51.070625,112.64914584369448
4762,51.07125,112.50624901923346
4763,51.071875,114.69599659177695
4764,51.0725,115.8618320035316
4765,51.073125,116.00058718488269
4766,51.07375,116.80212188913515
4767,51.074375,117.27834753915721
4768,51.075,117.53589952401401
4769,51.075625,117.57043591002413
4770,51.07625,118.01826135475338
4771,51.076875,118.50624182999299
4772,51.0775,118.94867443774102
4773,51.078125,119.43479181775557
4774,51.07875,119.68154067805662
4775,51.079375,119.9564616149145
4776,51.08,120.98436045340364
4777,51.080625,121.26666717903498
4778,51.08125,121.50363709237384
4779,51.081875,122.00741090235125
4780,51.0825,122.44431756545653
4781,51.083125,122.80387357157264
4782,51.08375,123.10064457581942
4783,51.084375,123.42282302056765
4784,51.085,123.58528928678052
4785,51.085625,123.67109067237723
4786,51.08625,123.72782431390986
4787,51.086875,123.81783433844339
4788,51.0875,123.94009456046092
4789,51.088125,124.07153549955945
4790,51.08875,123.97863739864418
4791,51.089375,124.25440308835684
4792,51.09,124.5731391621787
4793,51.090625,124.51651982923786
4794,51.09125,124.59875371815868
4795,51.091875,124.54230165178251
4796,51.0925,124.28627794848799
4797,51.093125,124.33914414722194
4798,51.09375,124.5680071740601
4799,51.094375,124.85082856596769
4800,51.095,124.98885922885165
4801,51.095625,124.81597542234664
4802,51.09625,124.77597125427835
4803,51.096875,125.07644877416146
4804,51.0975,124.82594774219987
4805,51.098125,124.7156174065512
4806,51.09875,124.76594135750787
4807,51.099375,124.99863513268389
4808,51.1,125.03762909105055
4809,51.100625,124.910253356283
4810,51.10125,124.5885169584139
4811,51.101875,124.86076097372589
4812,51.1025,125.03276440896425
4813,51.103125,125.07160579124366
4814,51.10375,125.16795608191018
4815,51.104375,125.11027425639068
4816,51.105,125.0035189616785
4817,51.105625,124.97417471201835
4818,51.10625,124.95455665819446
4819,51.106875,124.86572292166892
4820,51.1075,124.70551753374104
4821,51.108125,124.74081582758382
4822,51.10875,124.94473099013527
4823,51.109375,125.21573337309952
4824,51.11,125.39492746261533
4825,51.110625,125.46465668086091
4826,51.11125,125.49700640033329
4827,51.111875,125.51543800329864
4828,51.1125,125.57507201905658
4829,51.113125,125.72463708057106
4830,51.11375,125.86282966901862
4831,51.114375,125.63429940054591
4832,51.115,125.57964233730885
4833,51.115625,125.45539173103519
4834,51.11625,125.08128905828676
4835,51.116875,125.04735028919798
4836,51.1175,125.0035189616785
4837,51.118125,124.92997161591602
4838,51.11875,124.79099441680945
4839,51.119375,124.83590862590397
4840,51.12,124.96437122380149
4841,51.120625,125.1150957328609
4842,51.12125,125.3010757700803
4843,51.121875,125.42753743788148
4844,51.1225,125.48777591100757
4845,51.123125,125.7336193870986
4846,51.12375,125.74707545429493
4847,51.124375,125.71114618015548
4848,51.125,125.89373248558887
4849,51.125625,125.9726956624887
4850,51.12625,126.13707497386018
4851,51.126875,126.43610967715078
4852,51.1275,126.54717868772661
4853,51.128125,126.8366011384102
4854,51.12875,127.18532329213497
4855,51.129375,127.32472247436587
4856,51.13,127.69423485876565
4857,51.130625,127.91700752037562
4858,51.13125,127.8116375710087
4859,51.131875,127.95532512252899
4860,51.1325,128.0829849841939
4861,51.133125,128.18851737342888
4862,51.13375,128.3128195979231
4863,51.134375,128.3892014557214
4864,51.135,128.4845614139196
4865,51.135625,128.6593858174881
4866,51.13625,128.5172029015568
4867,51.136875,128.369340418932
4868,51.1375,128.24921094859923
4869,51.138125,128.04178701144193
4870,51.13875,127.6727173672376
4871,51.139375,127.3209841960047
4872,51.14,127.25718605917362
4873,51.140625,127.47294944418435
4874,51.14125,127.66553300815302
4875,51.141875,127.77977570249428
4876,51.1425,127.94489162020773
4877,51.143125,127.89603554325423
4878,51.14375,127.7726793870358
4879,51.144375,127.85745490804159
4880,51.145,127.94141099918818
4881,51.145625,127.97268649076784
4882,51.14625,127.92398694191473
4883,51.146875,127.7477965267746
4884,51.1475,127.78686622504155
4885,51.148125,128.00039270130316
4886,51.14875,128.2693482597165
4887,51.149375,128.35607445279763
4888,51.15,128.33946345206073
4889,51.150625,128.2256582603477
4890,51.15125,128.20879572420694
4891,51.151875,128.20879572420694
4892,51.1525,128.20879572420694
4893,51.153125,128.11716798635274
4894,51.15375,127.96574610714802
4895,51.154375,127.84338298979472
4896,51.155,127.85393906519332
4897,51.155625,128.02456334996225
4898,51.15625,128.19190038793633
4899,51.156875,128.35607445279763
4900,51.1575,128.74232186096157
4901,51.158125,128.90585538851946
4902,51.15875,128.98339464330402
4903,51.159375,129.13946027271638
4904,51.16,129.16671251983894
4905,51.160625,129.25694071663347
4906,51.16125,129.46973940129138
4907,51.161875,129.82723387668545
4908,51.1625,130.0839783707889
4909,51.163125,130.27766371222185
4910,51.16375,130.46452083931402
4911,51.164375,130.64744267135754
4912,51.165,130.78403198588256
4913,51.165625,130.84405564868058
4914,51.16625,131.0703788029794
4915,51.166875,131.1837637800955
4916,51.1675,131.20052497825785
4917,51.168125,131.23395065307986
4918,51.16875,131.42252554168624
4919,51.169375,131.57049210549988
4920,51.17,131.50837582428719
4921,51.170625,131.43650498081658
4922,51.17125,131.49913551529013
4923,51.171875,131.68209940798906
4924,51.1725,131.7587069727271
4925,51.173125,131.8457563190426
4926,51.17375,131.9385362868594
4927,51.174375,132.04337102757995
4928,51.175,132.08236012384072
4929,51.175625,132.14910046429335
4930,51.17625,132.25567713439472
4931,51.176875,132.30426669602718
4932,51.1775,132.39021441676996
4933,51.178125,132.47532000267861
4934,51.17875,132.48151462291366
4935,51.179375,132.61059142853648
4936,51.18,132.76978513909273
4937,51.180625,132.9241522441337
4938,51.18125,133.10661116018682
4939,51.181875,133.2513793386652
4940,51.1825,133.3453223876455
4941,51.183125,133.32661488603938
4942,51.18375,133.4012043494627
4943,51.184375,133.49722281475624
4944,51.185,133.57218833117852
4945,51.185625,133.62844311442018
4946,51.18625,133.64651237335613
4947,51.186875,133.63567532935764
4948,51.1875,133.6843359027776
4949,51.188125,133.75414559249637
4950,51.18875,133.85165124549818
4951,51.189375,133.99328640404747
4952,51.19,134.00022124644227
4953,51.190625,134.05205682680855
4954,51.19125,134.17011761910476
4955,51.191875,134.2344578365447
4956,51.1925,134.27484956818165
4957,51.193125,134.28994817299613
4958,51.19375,134.2614065171128
4959,51.194375,134.32173707549663
4960,51.195,134.37335470632422
4961,51.195625,134.38330988178427
4962,51.19625,134.3100389058657
4963,51.196875,134.35673734973852
4964,51.1975,134.4559679374181
4965,51.198125,134.41641163540686
4966,51.19875,134.45925617884978
4967,51.199375,134.51169944541388
4968,51.2,134.53943167365753
4969,51.200625,134.43621230425092
4970,51.20125,134.4444492793946
4971,51.201875,134.54268847520976
4972,51.2025,134.55407767370707
4973,51.203125,134.5573289893498
4974,51.20375,134.56707564042458
4975,51.204375,134.59948571399113
4976,51.205,134.55407767370707
4977,51.205625,134.51986517849446
4978,51.20625,134.51333320628356
4979,51.206875,134.56382797179893
4980,51.2075,134.61725984092988
4981,51.208125,134.6623396288413
4982,51.20875,134.67838302024782
4983,51.209375,134.73589509848722
4984,51.21,134.77244055835885
4985,51.210625,134.7740260086942
4986,51.21125,134.8497892916355
4987,51.211875,134.94978984517346
4988,51.2125,135.0440430635304
4989,51.213125,135.0609312325306
4990,51.21375,135.12511297508468
4991,51.214375,135.23705388932765
4992,51.215,135.40378045471985
4993,51.215625,135.4625584806667
4994,51.21625,135.5253043653622
4995,51.216875,135.5948150235348
4996,51.2175,135.67378472694634
4997,51.218125,135.77891454047494
4998,51.21875,135.84362992299359
4999,51.219375,135.80570328066483
5000,51.22,135.82819831334322
5001,51.220625,135.92454628058877
5002,51.22125,136.06231109780055
5003,51.221875,136.0019636034955
5004,51.2225,136.0115924313826
5005,51.223125,136.007467097827
5006,51.22375,135.885577314428
5007,51.224375,135.88139167963266
5008,51.225,135.8897609331834
5009,51.225625,135.89115502509523
5010,51.22625,135.9439653967792
5011,51.226875,135.93564823402616
5012,51.2275,135.89533595881642
5013,51.228125,135.8618320035316
5014,51.22875,135.86043319691967
5015,51.229375,135.84783378996508
5016,51.23,135.8085183478222
5017,51.230625,135.80007040780978
5018,51.23125,135.7477924270422
5019,51.231875,135.66663525774848
5020,51.2325,135.5948150235348
5021,51.233125,135.63654305864856
5022,51.23375,135.6580481194929
5023,51.234375,135.57459847992223
5024,51.235,135.4346885077354
5025,51.235625,135.42733941715562
5026,51.23625,135.5209414236356
5027,51.236875,135.45523294288066
5028,51.2375,135.3698021034249
5029,51.238125,135.28202752952458
5030,51.23875,135.21598623261437
5031,51.239375,135.1448830204394
5032,51.24,135.07319294571997
5033,51.240625,135.00090624023534
5034,51.24125,134.93735255700858
5035,51.241875,134.8450733981319
5036,51.2425,134.76609586148209
5037,51.243125,134.7708548185757
5038,51.24375,134.7819489223495
5039,51.244375,134.77878062406958
5040,51.245,134.7565701179157
5041,51.245625,134.7135745181181
5042,51.24625,134.70239268163743
5043,51.246875,134.70239268163743
5044,51.2475,134.6526993507839
5045,51.248125,134.63338663657274
5046,51.24875,134.6671557585117
5047,51.249375,134.77561116968738
5048,51.25,134.6591273915125
5049,51.250625,134.6815881456119
5050,51.25125,134.7851160653702
5051,51.251875,134.6671557585117
5052,51.2525,134.69119643158953
5053,51.253125,134.74067062667754
5054,51.25375,134.73430267211222
5055,51.254375,134.72952364055394
5056,51.255,134.70558896120912
5057,51.255625,134.6671557585117
5058,51.25625,134.676780013943
5059,51.256875,134.73589509848722
5060,51.2575,134.79144688900186
5061,51.258125,134.7819489223495
5062,51.25875,134.88116331757672
5063,51.259375,134.89993348077118
5064,51.26,134.8025147393146
5065,51.260625,134.79777310169086
5066,51.26125,134.75498147783114
5067,51.261875,134.70399096844628
5068,51.2625,134.70399096844628
5069,51.263125,134.62532698150983
5070,51.26375,134.55570348365814
5071,51.264375,134.53454418053144
5072,51.265,134.62532698150983
5073,51.265625,134.66555067865164
5074,51.26625,134.6639453021314
5075,51.266875,134.6526993507839
5076,51.2675,134.60433681137388
5077,51.268125,134.57681136679943
5078,51.26875,134.60918520091536
5079,51.269375,134.56057908841038
5080,51.27,134.5622036820068
5081,51.270625,134.59786807926474
5082,51.27125,134.48223907922423
5083,51.271875,134.35673734973852
5084,51.2725,134.24457339239072
5085,51.273125,134.17521447380634
5086,51.27375,134.07957650016772
5087,51.274375,134.01580442748693
5088,51.275,133.98634602042765
5089,51.275625,133.86222230924284
5090,51.27625,133.82693528269644
5091,51.276875,133.8074661383212
5092,51.2775,133.69331728051722
5093,51.278125,133.64290152747662
5094,51.27875,133.65913852602415
5095,51.279375,133.7487954909179
5096,51.28,133.63928917989367
5097,51.280625,133.6645441208287
5098,51.28125,133.7861771824724
5099,51.281875,133.92887526278
5100,51.2825,133.8780548213212
5101,51.283125,133.80569405025258
5102,51.28375,133.79327930031542
5103,51.284375,133.72378468488048
5104,51.285,133.65733591324647
5105,51.285625,133.60308283468748
5106,51.28625,133.60308283468748
5107,51.286875,133.69331728051722
5108,51.2875,133.73629909014633
5109,51.288125,133.60671026829127
5110,51.28875,133.77195550162338
5111,51.289375,133.86222230924284
5112,51.29,133.85517636309447
5113,51.290625,133.88508224050557
5114,51.29125,133.88156924161518
5115,51.291875,133.89736655964913
5116,51.2925,134.00368659244396
5117,51.293125,134.00368659244396
5118,51.29375,134.00715055645318
5119,51.294375,134.0382642242469
5120,51.295,134.08987394018598
5121,51.295625,134.07785907265088
5122,51.29625,134.05550155802086
5123,51.296875,134.14799662266498
5124,51.2975,134.2040402931077
5125,51.298125,134.24288828429772
5126,51.29875,134.2714907554414
5127,51.299375,134.3716944005487
5128,51.3,134.37833372029723
5129,51.300625,134.3150543364572
5130,51.30125,134.28156329963713
5131,51.301875,134.30167341389853
5132,51.3025,134.29999934824085
5133,51.303125,134.21419131448675
5134,51.30375,134.20742528521527
5135,51.304375,134.19218242145297
5136,51.305,134.17011761910476
5137,51.305625,134.20573295405782
5138,51.30625,134.27988535321288
5139,51.306875,134.3434205366462
5140,51.3075,134.33675446599048
5141,51.308125,134.29162417679063
5142,51.30875,134.24288828429772
5143,51.309375,134.19896033021524
5144,51.31,134.18200563102334
5145,51.310625,134.1599149284586
5146,51.31125,134.12581914517526
5147,51.311875,134.05722341145858
5148,51.3125,134.10187221095748
5149,51.313125,134.16161620936464
5150,51.31375,134.20742528521527
5151,51.314375,134.28827184574243
5152,51.315,134.36671157817014
5153,51.315625,134.4230168749937
5154,51.31625,134.37833372029723
5155,51.316875,134.4674713403797
5156,51.3175,134.58815593926136
5157,51.318125,134.69759605585256
5158,51.31875,134.67838302024782
5159,51.319375,134.73270995373642
5160,51.32,134.83878155458396
5161,51.320625,134.8230319770357
5162,51.32125,134.79144688900186
5163,51.321875,134.78828205397392
5164,51.3225,134.86235250429485
5165,51.323125,134.90930337341456
5166,51.32375,135.0178784076425
5167,51.324375,135.17823784795948
5168,51.325,135.15247491816777
5169,51.325625,135.1752108781996
5170,51.32625,135.20694157059813
5171,51.326875,135.19637754749652
5172,51.3275,135.28950054868818
5173,51.328125,135.3475704822836
5174,51.32875,135.33717622042838
5175,51.329375,135.30740960583296
5176,51.33,135.3356903099572
5177,51.330625,135.37128219027147
5178,51.33125,135.29099438128935
5179,51.331875,135.20090655931622
5180,51.3325,135.1676388354935
5181,51.333125,135.22953559089405
5182,51.33375,135.1555098202385
5183,51.334375,135.12511297508468
5184,51.335,135.1220674317021
5185,51.335625,135.07012913981941
5186,51.33625,135.1098745683024
5187,51.336875,135.15095706938487
5188,51.3375,135.13120086013367
5189,51.338125,135.21447944283904
5190,51.33875,135.28352264780662
5191,51.339375,135.3237938662032
5192,51.34,135.3178395286003
5193,51.340625,135.37867884373563
5194,51.34125,135.46987784541943
5195,51.341875,135.56447253532193
5196,51.3425,135.632235649863
5197,51.343125,135.70659670021536
5198,51.34375,135.78738307182962
5199,51.344375,135.75345929374987
5200,51.345,135.766196242141
5201,51.345625,135.7930241758682
5202,51.34625,135.7831498382288
5203,51.346875,135.71513599925285
5204,51.3475,135.6780715854547
5205,51.348125,135.70659670021536
5206,51.34875,135.70659670021536
5207,51.349375,135.65375136469933
5208,51.35,135.57893455937233
5209,51.350625,135.58760022983313
5210,51.35125,135.56447253532193
5211,51.351875,135.56302500767288
5212,51.3525,135.62217671458933
5213,51.353125,135.5702602347785
5214,51.35375,135.51512075688197
5215,51.354375,135.45962900689926
5216,51.355,135.34905436195547
5217,51.355625,135.33866187674568
5218,51.35625,135.3535044805592
5219,51.356875,135.33271772620535
5220,51.3575,135.3133710951803
5221,51.358125,135.26406600741544
5222,51.35875,135.18580066048608
5223,51.359375,135.16612363450614
5224,51.36,135.06706425282994
5225,51.360625,134.9342404503332
5226,51.36125,134.8277598495854
5227,51.361875,134.71995768183587
5228,51.3625,134.62048759631375
5229,51.363125,134.53291440481823
5230,51.36375,134.4887944679415
5231,51.364375,134.4444492793946
5232,51.365,134.39490985059155
5233,51.365625,134.32674575779097
5234,51.36625,134.26813064335383
5235,51.366875,134.17521447380634
5236,51.3675,134.02444968513115
5237,51.368125,133.97940008672037
5238,51.36875,133.9113845407237
5239,51.369375,133.82693528269644
5240,51.37,133.77373448568247
5241,51.370625,133.72378468488048
5242,51.37125,133.71662549252127
5243,51.371875,133.79505392278313
5244,51.3725,133.73451242149085
5245,51.373125,133.71662549252127
5246,51.37375,133.7523625914354
5247,51.374375,133.77729136109585
5248,51.375,133.88156924161518
5249,51.375625,133.97418698885173
5250,51.37625,133.92537993491067
5251,51.376875,133.97592503580861
5252,51.3775,133.97070985124003
5253,51.378125,133.88859381914165
5254,51.37875,133.97244859404196
5255,51.379375,133.98808163630673
5256,51.38,133.96549153348735
5257,51.380625,133.94807446400975
5258,51.38125,133.9113845407237
5259,51.381875,133.9078821658222
5260,51.3825,133.96027007878362
5261,51.383125,133.93760743365524
5262,51.38375,133.86926254439064
5263,51.384375,133.79860208036436
5264,51.385,133.88859381914165
5265,51.385625,133.8021487891266
5266,51.38625,133.72915020938225
5267,51.386875,133.78972896728496
5268,51.3875,133.80923786492357
5269,51.388125,133.7844007452767
5270,51.38875,133.72020582630572
5271,51.389375,133.67714410800693
5272,51.39,133.64651237335613
5273,51.390625,133.6266341193833
5274,51.39125,133.6139605939527
5275,51.391875,133.5958234196071
5276,51.3925,133.55213905440988
5277,51.393125,133.48251965485417
5278,51.39375,133.49538628030854
5279,51.394375,133.454883966132
5280,51.395,133.36585420896444
5281,51.395625,133.211618248546
5282,51.39625,133.1257980238272
5283,51.396875,133.05266136166222
5284,51.3975,132.97305390262446
5285,51.398125,132.86510450049542
5286,51.39875,132.76579070828515
5287,51.399375,132.66936911159172
5288,51.4,132.56573462179028
5289,51.400625,132.54731713185467
5290,51.40125,132.53296536948022
5291,51.401875,132.47532000267861
5292,51.4025,132.29794432066268
5293,51.403125,132.24719895935547
5294,51.40375,132.28106211974438
5295,51.404375,132.10610092282218
5296,51.405,132.00420612818655
5297,51.405625,131.9341405936289
5298,51.40625,131.87457997415822
5299,51.406875,131.67757196997252
5300,51.4075,131.54753783834028
5301,51.408125,131.48988536570656
5302,51.40875,131.2196411117247
5303,51.409375,131.09462753351931
5304,51.41,131.04606218676707
5305,51.410625,130.99477462529796
5306,51.41125,131.05822900433017
5307,51.411875,131.15976296449827
5308,51.4125,131.2767383732909
5309,51.413125,131.25299344423834
5310,51.41375,131.3522888546169
5311,51.414375,131.48988536570656
5312,51.415,131.48988536570656
5313,51.415625,131.49682390126767
5314,51.41625,131.51760631361293
5315,51.416875,131.5544304901804
5316,51.4175,131.5337361040199
5317,51.418125,131.53143368130583
5318,51.41875,131.53143368130583
5319,51.419375,131.44581212302836
5320,51.42,131.4295180736389
5321,51.420625,131.4201934461861
5322,51.42125,131.38045172059128
5323,51.421875,131.33346275212233
5324,51.4225,131.28621819921204
5325,51.423125,131.24109659312757
5326,51.42375,131.23395065307986
5327,51.424375,131.3263924304962
5328,51.425,131.43184766722615
5329,51.425625,131.46439654228845
5330,51.42625,131.48062535455438
5331,51.426875,131.5291306481124
5332,51.4275,131.61165753628734
5333,51.428125,131.61849951351238
5334,51.42875,131.66170732695375
5335,51.429375,131.7204876477395
5336,51.43,131.76543413684658
5337,51.430625,131.78558442471936
5338,51.43125,131.84797692231126
5339,51.431875,131.97362197814326
5340,51.4325,131.8324207642664
5341,51.433125,131.9517100350441
5342,51.43375,132.17693644652823
5343,51.434375,132.0974754110527
5344,51.435,132.1683810263457
5345,51.435625,132.29161733994974
5346,51.43625,132.42768056963308
5347,51.436875,132.44842547951342
5348,51.4375,132.43183351718437
5349,51.438125,132.41312959639242
5350,51.43875,132.5595997965996
5351,51.439375,132.6754269216511
5352,51.44,132.72775171626313
5353,51.440625,132.66532822310847
5354,51.44125,132.69558916291902
5355,51.441875,132.78375119871507
5356,51.4425,132.90648003124585
5357,51.443125,132.89271007536306
5358,51.44375,132.8532466288407
5359,51.444375,132.81956114716664
5360,51.445,132.84731161689945
5361,51.445625,132.8393919540412
5362,51.44625,132.8413725468301
5363,51.446875,132.85917758819582
5364,51.4475,132.79769483832607
5365,51.448125,132.72574504197027
5366,51.44875,132.62684572967865
5367,51.449375,132.46705363075984
5368,51.45,132.29372684564024
5369,51.450625,132.18121099860173
5370,51.45125,132.18121099860173
5371,51.451875,132.0693831946768
5372,51.4525,131.99547878292776
5373,51.453125,131.94951579740754
5374,51.45375,131.85241642643965
5375,51.454375,131.79899202651416
5376,51.455,131.76767536757455
5377,51.455625,131.75421930037822
5378,51.45625,131.78111062104688
5379,51.456875,131.77887285480028
5380,51.4575,131.77439559200113
5381,51.458125,132.0085665146426
5382,51.45875,132.1405175686957
5383,51.459375,132.19615538657405
5384,51.46,132.17479838137575
5385,51.460625,132.2025522615199
5386,51.46125,132.21958759845995
5387,51.461875,132.2153318954654
5388,51.4625,132.29583583912836
5389,51.463125,132.3693298439816
5390,51.46375,132.42975729161262
5391,51.464375,132.4587793842298
5392,51.465,132.5493654491942
5393,51.465625,132.59634392037032
5394,51.46625,132.56164521981358
5395,51.466875,132.64509553369427
5396,51.4675,132.6754269216511
5397,51.468125,132.67744525316664
5398,51.46875,132.72574504197027
5399,51.469375,132.70565275996424
5400,51.47,132.67138885108184
5401,51.470625,132.65117029065345
5402,51.47125,132.616690356561
5403,51.471875,132.58207300354275
5404,51.4725,132.5432190474955
5405,51.473125,132.46705363075984
5406,51.47375,132.40896769423418
5407,51.474375,132.34210461004756
5408,51.475,132.23446616014684
5409,51.475625,132.14481007663485
5410,51.47625,132.08236012384072
5411,51.476875,132.05205040840514
5412,51.4775,132.11902315129745
5413,51.478125,132.0303356730002
5414,51.47875,131.87236616259074
5415,51.479375,131.76094993972166
5416,51.48,131.70244372613632
5417,51.480625,131.64126725823417
5418,51.48125,131.5544304901804
5419,51.481875,131.50144651427627
5420,51.4825,131.46439654228845
5421,51.483125,131.4481373511611
5422,51.48375,131.45510930308438
5423,51.484375,131.43883270148925
5424,51.485,131.39917636193186
5425,51.485625,131.33581824763183
5426,51.48625,131.3263924304962
5427,51.486875,131.2767383732909
5428,51.4875,131.22679882917802
5429,51.488125,131.34758615301956
5430,51.48875,131.26012374123587
5431,51.489375,131.19334556776116
5432,51.49,131.32167568335993
5433,51.490625,131.37107424098883
5434,51.49125,131.43650498081658
5435,51.491875,131.52682700411586
5436,51.4925,131.5750756885287
5437,51.493125,131.54753783834028
5438,51.49375,131.57736657332057
5439,51.494375,131.85241642643965
5440,51.495,131.96705419738566
5441,51.495625,131.99984355168195
5442,51.49625,131.96486383307246
5443,51.496875,132.0020251138278
5444,51.4975,132.06721848696762
5445,51.498125,132.10610092282218
5446,51.49875,131.9867426598498
5447,51.499375,131.9517100350441
5448,51.5,131.95609684808585
5449,51.500625,131.98455725547592
5450,51.50125,131.99984355168195
5451,51.501875,131.96705419738566
5452,51.5025,131.92314161832346
5453,51.503125,131.99766144147375
5454,51.50375,131.98892751450552
5455,51.504375,131.95828942405055
5456,51.505,131.94512565850283
5457,51.505625,132.01945791373498
5458,51.50625,132.0845210616894
5459,51.506875,132.12547706339976
5460,51.5075,132.08236012384072
5461,51.508125,132.19615538657405
5462,51.50875,132.32110389953172
5463,51.509375,132.3147937723831
5464,51.51,132.40272109947514
5465,51.510625,132.48357851496044
5466,51.51125,132.54731713185467
5467,51.511875,132.62278500513622
5468,51.5125,132.72173030206145
5469,51.513125,132.81558954689714
5470,51.51375,132.86312931239414
5471,51.514375,132.80366383842681
5472,51.515,132.829482210082
5473,51.515625,133.00226328887143
5474,51.51625,133.07389590630163
5475,51.516875,133.06810981329002
5476,51.5175,133.04492682006645
5477,51.518125,133.17548641688714
5478,51.51875,133.2683642450536
5479,51.519375,133.35092679023032
5480,51.52,133.43456176479117
5481,51.520625,133.49171204605827
5482,51.52125,133.6085234171629
5483,51.521875,133.7559282276259
5484,51.5225,133.79150431519878
5485,51.523125,133.87453897847294
5486,51.52375,133.9428425255092
5487,51.524375,133.93586170163488
5488,51.525,133.92013430437092
5489,51.525625,134.0019540922611
5490,51.52625,134.16161620936464
5491,51.526875,134.10358489747352
5492,51.5275,134.07270475167792
5493,51.528125,134.05550155802086
5494,51.52875,134.0382642242469
5495,51.529375,133.96027007878362
5496,51.53,133.9323691846445
5497,51.530625,133.97592503580861
5498,51.53125,133.93586170163488
5499,51.531875,133.8498881500617
5500,51.5325,133.76483591955423
5501,51.533125,133.79505392278313
5502,51.53375,133.83930205534722
5503,51.534375,133.81455087740736
5504,51.535,133.67534522850625
5505,51.535625,133.60126854963897
5506,51.53625,133.55578782137724
5507,51.536875,133.5228936071241
5508,51.5375,133.454883966132
5509,51.538125,133.42345685430166
5510,51.53875,133.35092679023032
5511,51.539375,133.17167430814126
5512,51.54,133.24760040032496
5513,51.540625,133.25893228665248
5514,51.54125,133.18881563740635
5515,51.541875,133.13728983097835
5516,51.5425,133.1257980238272
5517,51.543125,133.10276869622766
5518,51.54375,133.00420709320719
5519,51.544375,133.0487949517884
5520,51.545,133.07582374775623
5521,51.545625,133.05459392138494
5522,51.54625,132.99448371859046
5523,51.546875,132.9437459579198
5524,51.5475,132.91041029811748
5525,51.548125,132.9241522441337
5526,51.54875,132.89861415827176
5527,51.549375,132.89271007536306
5528,51.55,132.92611360569518
5529,51.550625,132.8532466288407
5530,51.55125,132.8552240653064
5531,51.551875,132.89074115556815
5532,51.5525,132.85126874208777
5533,51.553125,132.86707923953725
5534,51.55375,132.88680197652644
5535,51.554375,132.88088985629497
5536,51.555,132.87300076434659
5537,51.555625,132.7617944396901
5538,51.55625,132.59226890756366
5539,51.556875,132.66734890234014
5540,51.5575,132.6248156047102
5541,51.558125,132.51447819051512
5542,51.55875,132.36096193424186
5543,51.559375,132.2726086985048
5544,51.56,132.19828820171995
5545,51.560625,132.11902315129745
5546,51.56125,131.9801847964669
5547,51.561875,131.85241642643965
5548,51.5625,131.74523699385068
5549,51.563125,131.67530736569998
5550,51.56375,131.4759916443148
5551,51.564375,131.3311066176611
5552,51.565,131.29568769007972
5553,51.565625,131.09220570452328
5554,51.56625,130.95549410775644
5555,51.566875,130.8813608870055
5556,51.5675,130.8714284792473
5557,51.568125,130.7563819014655
5558,51.56875,130.65254002457783
5559,51.569375,130.61679557233043
5560,51.57,130.64234232497608
5561,51.570625,130.61423675963314
5562,51.57125,130.5242000768333
5563,51.571875,130.3095288276475
5564,51.5725,130.2135806206442
5565,51.573125,130.23766721957747
5566,51.57375,130.41752763376684
5567,51.574375,130.34919653080465
5568,51.575,130.3359940816325
5569,51.575625,130.38868389827405
5570,51.57625,130.3544718966747
5571,51.576875,130.3174768742336
5572,51.5775,130.280323608013
5573,51.578125,130.23499422689966
5574,51.57875,130.28298268950874
5575,51.579375,130.28564095720756
5576,51.58,130.2162602102499
5577,51.580625,130.2162602102499
5578,51.58125,130.25101985808422
5579,51.581875,130.2643520013588
5580,51.5825,130.13551073213287
5581,51.583125,130.11927036036252
5582,51.58375,130.16251072166398
5583,51.584375,130.25368792434327
5584,51.585,130.2001702588047
5585,51.585625,130.08669823604927
5586,51.58625,129.9413587279701
5587,51.586875,129.86637216464203
5588,51.5875,129.81321306712275
5589,51.588125,129.72010372724486
5590,51.58875,129.54531990849705
5591,51.589375,129.57132991187686
5592,51.59,129.50179606778013
5593,51.590625,129.35512102488065
5594,51.59125,129.36399172145227
5595,51.591875,129.34624125961105
5596,51.5925,129.34624125961105
5597,51.593125,129.41702649052235
5598,51.59375,129.49306506724125
5599,51.594375,129.57421511025518
5600,51.595,129.64317390822552
5601,51.595625,129.59438470879144
5602,51.59625,129.57132991187686
5603,51.596875,129.68029925335125
5604,51.5975,130.1436195452048
5605,51.598125,130.14632080152828
5606,51.59875,130.20821896020354
5607,51.599375,130.4567062732106
5608,51.6,130.46452083931402
5609,51.600625,130.71600581649795
5610,51.60125,131.0606603240488
5611,51.601875,131.19334556776116
5612,51.6025,131.2719945776306
5613,51.603125,131.41085879763796
5614,51.60375,131.66851000813014
5615,51.604375,131.82351900623584
5616,51.605,131.94512565850283
5617,51.605625,132.0498813761456
5618,51.60625,132.2025522615199
5619,51.606875,132.27049405707305
5620,51.6075,132.33580972659433
5621,51.608125,132.4629174927588
5622,51.60875,132.53091318054257
5623,51.609375,132.54731713185467
5624,51.61,132.53091318054257
5625,51.610625,132.6207539307348
5626,51.61125,132.59430665294263
5627,51.611875,132.49389062544162
5628,51.6125,132.34420189114869
5629,51.613125,132.37977840729866
5630,51.61375,132.36723862219756
5631,51.614375,132.25991312064696
5632,51.615,132.16624085394653
5633,51.615625,131.98237130110726
5634,51.61625,131.7564634263791
5635,51.616875,131.57965685405583
5636,51.6175,131.45046195699277
5637,51.618125,131.2933212850418
5638,51.61875,131.0728067246271
5639,51.619375,130.88880274635383
5640,51.62,130.8065894958175
5641,51.620625,130.7563819014655
5642,51.62125,130.50608019916478
5643,51.621875,130.32806296894807
5644,51.6225,130.17059437942572
5645,51.623125,130.0047294965128
5646,51.62375,129.90811126292388
5647,51.624375,129.75690240222872
5648,51.625,129.57998263346715
5649,51.625625,129.60876294355634
5650,51.62625,129.5279365345066
5651,51.626875,129.43170108370379
5652,51.6275,129.41114970434546
5653,51.628125,129.27785977971814
5654,51.62875,129.0999443461892
5655,51.629375,128.88089591836152
5656,51.63,128.53672907607017
5657,51.630625,128.39581172212723
5658,51.63125,128.30614584451135
5659,51.631875,127.99347442962076
5660,51.6325,127.8116375710087
5661,51.633125,127.62230161419701
5662,51.63375,127.38802827393249
5663,51.634375,127.13198871449941
5664,51.635,126.74918522581311
5665,51.635625,126.3152098133147
5666,51.63625,126.09842323801784
5667,51.636875,125.72014244158949
5668,51.6375,125.23477094705075
5669,51.638125,124.63448766657032
5670,51.63875,124.40739264902788
5671,51.639375,124.01153853509696
5672,51.64,123.45789395504353
5673,51.640625,123.03352461694095
5674,51.64125,122.50311659161059
5675,51.641875,122.00741090235125
5676,51.6425,121.69867149873433
5677,51.643125,120.28200643039241
5678,51.64375,119.24738671340043
5679,51.644375,118.8599918673208
5680,51.645,117.70722440063024
5681,51.645625,116.46948458340603
5682,51.64625,115.26855987125873
5683,51.646875,114.46911344070372
5684,51.6475,113.38633761132223
5685,51.648125,111.61849951351238
5686,51.64875,108.6593858174881
5687,51.649375,107.00496036668326
5688,51.65,102.14419939295738
5689,51.650625,94.15140352195874
5690,51.65125,103.86249196708923
5691,51.651875,100.98436045340364
5692,51.6525,93.62482474751175
5693,51.653125,80.0
5694,51.65375,82.92256071356476
5695,51.654375,88.29946695941636
5696,51.655,92.25567713439472
5697,51.655625,101.51093922785063
5698,51.65625,98.88965344300337
5699,51.656875,96.39087871083737
5700,51.6575,102.54209596729615
5701,51.658125,104.45432942295167
5702,51.65875,104.95946532723613
5703,51.659375,104.50618563451727
5704,51.66,104.86076097372589
5705,51.660625,105.75603459860453
5706,51.66125,106.72919467697058
5707,51.661875,107.64034085149737
5708,51.6625,107.42135724543472
5709,51.663125,106.40292572222108
5710,51.66375,104.45432942295167
5711,51.664375,103.69382861635196
5712,51.665,104.29687696095397
5713,51.665625,105.66602457407099
5714,51.66625,107.45824005940213
5715,51.666875,107.34711842052037
5716,51.6675,107.95880017344075
5717,51.668125,109.85520778053676
5718,51.66875,110.8565085391836
5719,51.669375,111.7317460934351
5720,51.67,112.52680734750085
5721,51.670625,113.19832400139701
5722,51.67125,114.77561116968738
5723,51.671875,116.25826713285711
5724,51.6725,117.36112723646085
5725,51.673125,117.2545505663595
5726,51.67375,117.75234600671473
5727,51.674375,118.66974575697411
5728,51.675,119.14256395353627
5729,51.675625,119.65446775337091
5730,51.67625,120.22294721551596
5731,51.676875,120.88295241757444
5732,51.6775,121.13809702672945
5733,51.678125,121.3414171209074
5734,51.67875,121.57638366197699
5735,51.679375,122.1713004746567
5736,51.68,122.35867670079284
5737,51.680625,122.44431756545653
5738,51.68125,122.77236867798985
5739,51.681875,122.65799539888967
5740,51.6825,122.50962531401187
5741,51.683125,122.41805635229055
5742,51.68375,122.33215487976496
5743,51.684375,122.37851505651554
5744,51.685,122.49660298827719
5745,51.685625,122.5615202533743
5746,51.68625,122.2252502731813
5747,51.686875,121.9242917069281
5748,51.6875,121.90338702863511
5749,51.688125,121.74142411813071
5750,51.68875,121.45969489255862
5751,51.689375,121.08459819726795
5752,51.69,120.77240323899404
5753,51.690625,120.5876755537042
5754,51.69125,120.34066678597561
5755,51.691875,119.87753829882422
5756,51.6925,119.44405676758129
5757,51.693125,119.12336860950728
5758,51.69375,118.94867443774102
5759,51.694375,118.90937170263639
5760,51.695,119.10413075083883
5761,51.695625,119.1521457412019
5762,51.69625,118.54740726078047
5763,51.696875,118.64947529354308
5764,51.6975,118.87977750147543
5765,51.698125,119.14256395353627
5766,51.69875,119.26631022772222
5767,51.699375,119.25685362402484
5768,51.7,119.30403402051824
5769,51.700625,119.83338014759896
5770,51.70125,120.01735443062455
5771,51.701875,120.29880699585873
5772,51.7025,120.796211082967
5773,51.703125,121.03847832092214
5774,51.70375,121.54735810568313
5775,51.704375,122.10338855998664
5776,51.705,122.13061707644762
5777,51.705625,122.66438913464988
5778,51.70625,123.1491353626845
5779,51.706875,123.31082153444746
5780,51.7075,123.54495672511247
5781,51.708125,123.74477239662957
5782,51.70875,123.96764260016589
5783,51.709375,124.54744884579272
5784,51.71,124.70551753374104
5785,51.710625,124.79099441680945
5786,51.71125,125.07644877416146
5787,51.711875,125.11991453444804
5788,51.7125,125.19187757771897
5789,51.713125,125.31050670438148
5790,51.71375,125.27745353730447
5791,51.714375,125.3199274099016
5792,51.715,125.33873822318347
5793,51.715625,125.18231688370133
5794,51.71625,125.11027425639068
5795,51.716875,124.96437122380149
5796,51.7175,124.6802163517436
5797,51.718125,124.52168231951647
5798,51.71875,124.30746305566844
5799,51.719375,124.15268734777923
5800,51.72,124.38645016838674
5801,51.720625,124.32331804571986
5802,51.72125,124.16345053334243
5803,51.721875,123.97863739864418
5804,51.7225,123.77294591999436
5805,51.723125,123.59103582330376
5806,51.72375,123.40523430789915
5807,51.724375,123.03964790914948
5808,51.725,122.80387357157264
5809,51.725625,122.5615202533743
5810,51.72625,122.23197049760788
5811,51.726875,122.17806255334625
5812,51.7275,122.14419939295738
5813,51.728125,122.07607441911915
5814,51.72875,121.81926153191463
5815,51.729375,121.46703404773803
5816,51.73,121.1685204891401
5817,51.730625,121.13809702672945
5818,51.73125,120.9532838920312
5819,51.731875,120.80413255149422
5820,51.7325,120.70859476369097
5821,51.733125,120.38232580894146
5822,51.73375,120.1975126742432
5823,51.734375,120.09502311182003
5824,51.735,119.94772768794627
5825,51.735625,119.37899361962685
5826,51.73625,119.40693752460186
5827,51.736875,120.48149974614853
5828,51.7375,120.04332123513015
5829,51.738125,119.92147308970551
5830,51.73875,119.96518676847398
5831,51.739375,119.44405676758129
5832,51.74,119.26631022772222
5833,51.740625,119.44405676758129
5834,51.74125,120.05195961439817
5835,51.741875,119.86872460995224
5836,51.7425,119.89513889175257
5837,51.743125,120.09502311182003
5838,51.74375,119.77117913757232
5839,51.744375,119.92147308970551
5840,51.745,120.14641905845488
5841,51.745625,120.06058941107236
5842,51.74625,120.22294721551596
5843,51.746875,120.6604288936582
5844,51.7475,121.2591566816902
5845,51.748125,120.89079520784821
5846,51.74875,120.6604288936582
5847,51.749375,120.57955410417556
5848,51.75,120.76445276737437
5849,51.750625,120.91428117881735
5850,51.75125,120.92209574492077
5851,51.751875,120.76445276737437
5852,51.7525,120.51430767802682
5853,51.753125,120.51430767802682
5854,51.75375,120.6362454266074
5855,51.754375,120.57955410417556
5856,51.755,120.26517330567033
5857,51.755625,119.87753829882422
5858,51.75625,119.50863617018526
5859,51.756875,119.34159468288995
5860,51.7575,119.40693752460186
5861,51.758125,119.49023385474658
5862,51.75875,118.43372950967205
5863,51.759375,118.54740726078047
5864,51.76,118.81032969865134
5865,51.760625,118.3606067356976
5866,51.76125,118.21248809778403
5867,51.761875,117.79723442516377
5868,51.7625,117.07396423552348
5869,51.763125,117.19477132394294
5870,51.76375,117.21873241400188
5871,51.764375,116.86465556196019
5872,51.765,115.490339314571
5873,51.765625,115.29845969299777
5874,51.76625,115.22351626311463
5875,51.766875,114.94823615772846
5876,51.7675,114.28659519490466
5877,51.768125,113.62482474751175
5878,51.76875,112.90844538698184
5879,51.769375,112.06288745240364
5880,51.77,111.31695637347036
5881,51.770625,110.62957834084511
5882,51.77125,110.02118524435502
5883,51.771875,108.164799306237
5884,51.7725,105.88932452323186
5885,51.773125,102.79758172802474
5886,51.77375,96.90196080028514
5887,51.774375,91.5956719323362
5888,51.775,83.52182518111363
5889,51.775625,81.5836249209525
5890,51.77625,73.97940008672037
5891,51.776875,91.5956719323362
5892,51.7775,100.17200343523837
5893,51.778125,96.65017825412474
5894,51.77875,97.95254182580884
5895,51.779375,100.5061173052954
5896,51.78,102.07607441911915
5897,51.780625,105.10545010206613
5898,51.78125,105.43683213072997
5899,51.781875,102.79758172802474
5900,51.7825,101.36371723492323
5901,51.783125,99.912703891951
5902,51.78375,99.27575654691111
5903,51.784375,101.21395680707224
5904,51.785,101.5836249209525
5905,51.785625,100.82785370316451
5906,51.78625,98.68996902487135
5907,51.786875,99.0848501887865
5908,51.7875,97.0251669743815
5909,51.788125,91.3640344813399
5910,51.78875,69.54242509439325
5911,51.789375,88.29946695941636
5912,51.79,91.12605001534574
5913,51.790625,81.5836249209525
5914,51.79125,96.77698181474511
5915,51.791875,98.169700377573
5916,51.7925,96.65017825412474
5917,51.793125,103.69382861635196
5918,51.79375,105.97706152819413
5919,51.794375,106.88784547370221
5920,51.795,107.04365036222725
5921,51.795625,105.93330380523062
5922,51.79625,105.05706061959786
5923,51.796875,104.910253356283
5924,51.7975,106.96609726096321
5925,51.798125,107.88903361652432
5926,51.79875,107.88903361652432
5927,51.799375,106.14992075826424
5928,51.8,104.910253356283
5929,51.800625,104.81098496565198
5930,51.80125,106.06392114840978
5931,51.801875,106.6487691983121
5932,51.8025,105.43683213072997
5933,51.803125,102.9843822531076
5934,51.80375,102.07607441911915
5935,51.804375,101.28915978453836
5936,51.805,99.18082784642188
5937,51.805625,92.04119982655925
5938,51.80625,85.57507201905658
5939,51.806875,93.06425027550688
5940,51.8075,101.86843370324469
5941,51.808125,99.0848501887865
5942,51.80875,101.28915978453836
5943,51.809375,104.50618563451727
5944,51.81,107.19670964679777
5945,51.810625,109.7991695884967
5946,51.81125,112.58819198205438
5947,51.811875,115.01016789702692
5948,51.8125,114.63177530373478
5949,51.813125,115.50492519480473
5950,51.81375,116.50852235535646
5951,51.814375,116.68841407363064
5952,51.815,116.75176876471022
5953,51.815625,116.59893391883273
5954,51.81625,116.21808561337401
5955,51.816875,116.29826362550148
5956,51.8175,115.95919287474393
5957,51.818125,115.3579523203618
5958,51.81875,114.83878155458399
5959,51.819375,114.33675446599048
5960,51.82,113.40491706148248
5961,51.820625,111.57278419936145
5962,51.82125,112.0845210616894
5963,51.821875,111.82129214052999
5964,51.8225,110.75638190146549
5965,51.823125,108.29946695941636
5966,51.82375,107.49496692020207
5967,51.824375,106.44438589467839
5968,51.825,102.86029600508189
5969,51.825625,104.02794248640903
5970,51.82625,105.05706061959786
5971,51.826875,105.52923608346488
5972,51.8275,104.55773409227348
5973,51.828125,105.2014277597015
5974,51.82875,106.10702738893247
5975,51.829375,106.23507722111509
5976,51.83,107.45824005940213
5977,51.830625,109.06636680094076
5978,51.83125,110.75638190146549
5979,51.831875,110.83158487893161
5980,51.8325,110.4749293362313
5981,51.833125,109.99374165236807
5982,51.83375,109.99374165236807
5983,51.834375,110.7311688514306
5984,51.835,111.48062535455438
5985,51.835625,112.0845210616894
5986,51.83625,111.86572134040915
5987,51.836875,111.4574320440096
5988,51.8375,110.90614232931648
5989,51.838125,110.37027879755776
5990,51.83875,110.7311688514306
5991,51.839375,111.00456706110188
5992,51.84,110.75638190146549
5993,51.840625,109.5134237664886
5994,51.84125,109.65747167217508
5995,51.841875,110.6805221211227
5996,51.8425,110.15711743391662
5997,51.843125,109.65747167217508
5998,51.84375,109.24795995797913
5999,51.844375,109.03572871048581
6000,51.845,108.5302252272915
6001,51.845625,108.46491747873615
6002,51.84625,108.78665387660526
6003,51.846875,107.78332168729065
6004,51.8475,108.19866246662588
6005,51.848125,108.81818164130436
6006,51.84875,108.06241042351635
6007,51.849375,105.75603459860453
6008,51.85,103.63687175889545
6009,51.850625,102.9843822531076
6010,51.85125,106.10702738893247
6011,51.851875,108.5302252272915
6012,51.8525,110.07581366114363
6013,51.853125,109.7991695884967
6014,51.85375,110.39655987551438
6015,51.854375,111.05336432224388
6016,51.855,111.5498359967445
6017,51.855625,111.93194191252921
6018,51.85625,111.88785100750854
6019,51.856875,111.4574320440096
6020,51.8575,110.80658949581748
6021,51.858125,111.19813250072225
6022,51.85875,111.4574320440096
6023,51.859375,110.80658949581748
6024,51.86,109.4843252815251
6025,51.860625,109.42583422117877
6026,51.86125,110.42276167408073
6027,51.861875,109.4843252815251
6028,51.8625,108.49763273262134
6029,51.863125,108.19866246662588
6030,51.86375,109.57132991187686
6031,51.864375,109.71442852963159
6032,51.865,109.36694660824315
6033,51.865625,108.46491747873615
6034,51.86625,106.36126669925524
6035,51.866875,105.71114618015548
6036,51.8675,106.44438589467839
6037,51.868125,107.99347442962076
6038,51.86875,104.86076097372589
6039,51.869375,101.4376401461225
6040,51.87,101.86843370324469
6041,51.870625,97.38463439461952
6042,51.87125,87.23455672035186
6043,51.871875,91.12605001534574
6044,51.8725,102.34542591311529
6045,51.873125,104.4021617608011
6046,51.87375,105.66602457407099
6047,51.874375,107.30975969781798
6048,51.875,106.80888229680237
6049,51.875625,107.04365036222725
6050,51.87625,108.09667433239878
6051,51.876875,109.27785977971814
6052,51.8775,109.30765702896836
6053,51.878125,109.0968972001702
6054,51.87875,109.27785977971814
6055,51.879375,111.10188897156638
6056,51.88,111.68662448735061
6057,51.880625,111.12605001534574
6058,51.88125,111.52682700411586
6059,51.881875,111.19813250072225
6060,51.8825,111.05336432224388
6061,51.883125,112.56777860100624
6062,51.88375,112.84929040484244
6063,51.884375,112.66936911159172
6064,51.885,112.1918881845044
6065,51.885625,112.04119982655925
6066,51.88625,111.48062535455438
6067,51.886875,110.78152197585553
6068,51.8875,110.95549410775645
6069,51.888125,109.88309188036885
6070,51.88875,108.59504560004815
6071,51.889375,107.78332168729065
6072,51.89,108.19866246662588
6073,51.890625,106.92705948901278
6074,51.89125,103.97314173908845
6075,51.891875,103.97314173908845
6076,51.8925,104.136517520637
6077,51.893125,103.91799304818468
6078,51.89375,102.92256071356476
6079,51.894375,102.67077816740436
6080,51.895,103.28705711568874
6081,51.895625,104.65992220784308
6082,51.89625,106.36126669925524
6083,51.896875,106.48564910595385
6084,51.8975,105.66602457407099
6085,51.898125,103.97314173908845
6086,51.89875,105.4831569852736
6087,51.899375,106.40292572222108
6088,51.9,106.23507722111509
6089,51.900625,105.4831569852736
6090,51.90125,104.136517520637
6091,51.901875,101.28915978453836
6092,51.9025,89.82723387668545
6093,51.903125,86.02059991327963
6094,51.90375,72.04119982655925
6095,51.904375,93.44195715871435
6096,51.905,99.55447210577695
6097,51.905625,100.25674449410344
6098,51.90625,99.7354346853249
6099,51.906875,104.136517520637
6100,51.9075,107.38431714820285
6101,51.908125,109.45512898634425
6102,51.90875,110.55259801742677
6103,51.909375,113.08353083755921
6104,51.91,114.32006687269599
6105,51.910625,114.74385285409475
6106,51.91125,115.47572889962387
6107,51.911875,116.20465035990168
6108,51.9125,116.9267422425961
6109,51.913125,117.6048355179096
6110,51.91375,118.91921407155138
6111,51.914375,119.87753829882422
6112,51.915,120.48971335398335
6113,51.915625,121.05387883849936
6114,51.91625,121.79103765772908
6115,51.916875,122.47049961885465
6116,51.9175,122.79758172802474
6117,51.918125,123.24531228596044
6118,51.91875,123.72782431390986
6119,51.919375,124.21172049810312
6120,51.92,124.54744884579272
6121,51.920625,124.73074522977387
6122,51.92125,124.88059178060043
6123,51.921875,125.29163458476155
6124,51.9225,125.62521374110025
6125,51.923125,125.86282966901862
6126,51.92375,125.9814252005482
6127,51.924375,126.08550100954255
6128,51.925,126.18408359340816
6129,51.925625,126.27312693236063
6130,51.92625,126.25623652424176
6131,51.926875,126.29419385910347
6132,51.9275,126.29419385910347
6133,51.928125,126.16274757276076
6134,51.92875,126.26890740852828
6135,51.929375,126.473290712162
6136,51.93,126.69711379234583
6137,51.930625,126.33617504106044
6138,51.93125,126.32779502146391
6139,51.931875,126.37795429254973
6140,51.9325,126.0725595276778
6141,51.933125,126.11562302509965
6142,51.93375,126.02494177272422
6143,51.934375,125.68410135403589
6144,51.935,125.60701386092012
6145,51.935625,125.5108337680262
6146,51.93625,125.31050670438148
6147,51.936875,124.75087476285749
6148,51.9375,124.4230664390941
6149,51.938125,124.0823996531185
6150,51.93875,123.60825265676647
6151,51.939375,123.38760990623899
6152,51.94,123.16121587873211
6153,51.940625,122.95352648482196
6154,51.94125,122.82272180241478
6155,51.941875,122.63237328698251
6156,51.9425,122.41805635229055
6157,51.943125,122.21179420598497
6158,51.94375,121.83333915191369
6159,51.944375,121.51823522965556
6160,51.945,121.25163968456326
6161,51.945625,120.5876755537042
6162,51.94625,120.39063369062511
6163,51.946875,120.47327836395587
6164,51.9475,120.6925691325064
6165,51.948125,120.81995384846982
6166,51.94875,120.66847510973899
6167,51.949375,120.21447730783547
6168,51.95,120.21447730783547
6169,51.950625,120.32394707024878
6170,51.95125,120.36568616853062
6171,51.951875,119.9564616149145
6172,51.9525,120.30719510818429
6173,51.953125,120.52249033490901
6174,51.95375,120.29041077515848
6175,51.954375,120.57142505385075
6176,51.955,120.66847510973899
6177,51.955625,120.62008562727074
6178,51.95625,120.48149974614853
6179,51.956875,120.34066678597561
6180,51.9575,120.39063369062511
6181,51.958125,120.78034643994825
6182,51.95875,120.46504919267423
6183,51.959375,120.41550976387116
6184,51.96,120.53883255918059
6185,51.960625,119.93023344308357
6186,51.96125,119.81565383606275
6187,51.961875,119.90392583194358
6188,51.9625,120.0
6189,51.963125,119.8245215138499
6190,51.96375,119.85990196862684
6191,51.964375,120.11218890720562
6192,51.965,119.81565383606275
6193,51.965625,119.54532424854585
6194,51.96625,119.20941555068597
6195,51.966875,118.56791704513428
6196,51.9675,118.49591991595824
6197,51.968125,118.41290002813577
6198,51.96875,118.15897043224545
6199,51.969375,117.89739313490506
6200,51.97,117.39636415958657
6201,51.970625,116.67568749312957
6202,51.97125,115.8618320035316
6203,51.971875,114.18539921951661
6204,51.9725,112.68954540321462
6205,51.973125,112.40272109947514
6206,51.97375,110.7311688514306
6207,51.974375,109.71442852963159
6208,51.975,109.30765702896836
6209,51.975625,108.2323941192646
6210,51.97625,104.55773409227348
6211,51.976875,99.64542466079136
6212,51.9775,99.64542466079136
6213,51.978125,76.90196080028514
6214,51.97875,94.64787519645937
6215,51.979375,92.86905352972376
6216,51.98,100.08642747565287
6217,51.980625,103.75041441672926
6218,51.98125,105.93330380523062
6219,51.981875,106.92705948901278
6220,51.9825,109.03572871048581
6221,51.983125,110.31747687423359
6222,51.98375,110.78152197585553
6223,51.984375,111.68662448735061
6224,51.985,112.7497945902502
6225,51.985625,113.9620109124678
6226,51.98625,115.4317496176251
6227,51.986875,116.43027056809547
6228,51.9875,117.20676013141988
6229,51.988125,117.84189205380962
6230,51.98875,117.80842037601829
6231,51.989375,117.88632125368878
6232,51.99,118.10512097496903
6233,51.990625,118.66974575697411
6234,51.99125,119.1521457412019
6235,51.991875,119.35095952437723
6236,51.9925,119.05584886088184
6237,51.993125,119.10413075083883
6238,51.99375,119.3322197336387
6239,51.994375,119.64542466079136
6240,51.995,119.46255707199397
6241,51.995625,119.66350144075626
6242,51.99625,119.9564616149145
6243,51.996875,120.07782332473822
6244,51.9975,120.137874158958
6245,51.998125,120.37400997332486
6246,51.99875,120.76445276737437
6247,51.999375,120.73257790724324
6248,52.0,121.13809702672945
6249,52.000625,121.48901437909183
6250,52.00125,121.03076781030654
6251,52.001875,121.08459819726795
6252,52.0025,121.3414171209074
6253,52.003125,121.73431327889766
6254,52.00375,122.04867411362672
6255,52.004375,122.34542591311529
6256,52.005,122.56798537435613
6257,52.005625,122.49660298827719
6258,52.00625,122.68991711669347
6259,52.006875,122.97821986218713
6260,52.0075,123.30488652250622
6261,52.008125,123.28110583786903
6262,52.00875,123.39348868117614
6263,52.009375,123.64258428105997
6264,52.01,123.98412958323317
6265,52.010625,124.0005853310754
6266,52.01125,123.96213997746804
6267,52.011875,124.09325023496437
6268,52.0125,124.20637039652463
6269,52.013125,124.28627794848799
6270,52.01375,124.34967888427813
6271,52.014375,124.52684174327261
6272,52.015,124.66500019082201
6273,52.015625,124.75589986547845
6274,52.01625,124.75589986547845
6275,52.016875,124.92504624598644
6276,52.0175,125.12954412483353
6277,52.018125,125.33403933768176
6278,52.01875,125.23477094705075
6279,52.019375,125.25850938663663
6280,52.02,125.26798662668006
6281,52.020625,124.93981398483099
6282,52.02125,125.13916305121865
6283,52.021875,125.2109674527396
6284,52.0225,124.88059178060043
6285,52.023125,124.98885922885165
6286,52.02375,124.81098496565198
6287,52.024375,124.47510907314482
6288,52.025,124.56287215195485
6289,52.025625,124.15807060772103
6290,52.02625,123.82902028929792
6291,52.026875,124.038861268033
6292,52.0275,123.68814970824641
6293,52.028125,123.45789395504353
6294,52.02875,123.34634669496353
6295,52.029375,122.79128532351699
6296,52.03,122.411478624117
6297,52.030625,121.98670555371916
6298,52.03125,121.2064005737657
6299,52.031875,120.51430767802682
6300,52.0325,119.90392583194358
6301,52.033125,119.37899361962685
6302,52.03375,118.92904530026145
6303,52.034375,118.71014531649425
6304,52.035,118.50624182999299
6305,52.035625,117.77481921365785
6306,52.03625,117.3139211983214
6307,52.036875,117.09826044615711
6308,52.0375,117.18276594589062
6309,52.038125,116.67568749312957
6310,52.03875,116.44336158736036
6311,52.039375,116.45643290606209
6312,52.04,116.76438443815252
6313,52.040625,116.90196080028514
6314,52.04125,116.75176876471022
6315,52.041875,116.17771734719625
6316,52.0425,116.27161977136383
6317,52.043125,115.94535081661434
6318,52.04375,115.40230589574205
6319,52.044375,116.43027056809547
6320,52.045,116.17771734719625
6321,52.045625,115.64945248332572
6322,52.04625,115.80570328066484
6323,52.046875,114.28659519490466
6324,52.0475,113.58855793224238
6325,52.048125,114.11727424567837
6326,52.04875,113.08353083755921
6327,52.049375,111.68662448735061
6328,52.05,109.99374165236807
6329,52.050625,108.2323941192646
6330,52.05125,104.24375208807916
6331,52.051875,98.38156184752148
6332,52.0525,90.37027879755775
6333,52.053125,60.0
6334,52.05375,90.37027879755775
6335,52.054375,94.64787519645937
6336,52.055,91.3640344813399
6337,52.055625,81.5836249209525
6338,52.05625,86.44438589467839
6339,52.056875,96.39087871083737
6340,52.0575,103.86249196708923
6341,52.058125,106.36126669925524
6342,52.05875,107.27223959784288
6343,52.059375,108.69137808068399
6344,52.06,110.15711743391662
6345,52.060625,111.07766053287749
6346,52.06125,111.00456706110188
6347,52.061875,112.25567713439472
6348,52.0625,113.00615046263873
6349,52.063125,113.49722281475623
6350,52.06375,115.83381298040236
6351,52.064375,117.0251669743815
6352,52.065,117.6048355179096
6353,52.065625,117.72981450344965
6354,52.06625,118.58837851428586
6355,52.066875,119.26631022772222
6356,52.0675,119.64542466079136
6357,52.068125,120.1549555600148
6358,52.06875,120.9532838920312
6359,52.069375,121.7058115646013
6360,52.07,121.86843370324469
6361,52.070625,122.16453312749857
6362,52.07125,122.54209596729616
6363,52.071875,122.9966939343157
6364,52.0725,123.03964790914948
6365,52.073125,123.16724984190499
6366,52.07375,123.34043591580513
6367,52.074375,123.48119615450051
6368,52.075,123.64829304869107
6369,52.075625,123.82902028929792
6370,52.07625,124.01700996182156
6371,52.076875,123.97314173908846
6372,52.0775,123.98961829724712
6373,52.078125,124.0823996531185
6374,52.07875,124.35494146525586
6375,52.079375,124.33387198339508
6376,52.08,124.21706730629786
6377,52.080625,124.16345053334243
6378,52.08125,123.96213997746804
6379,52.081875,123.82342911457117
6380,52.0825,123.78980627398734
6381,52.083125,123.86805806124835
6382,52.08375,123.65969934007163
6383,52.084375,123.33452111160102
6384,52.085,123.1732796162798
6385,52.085625,123.23334824875472
6386,52.08625,123.23334824875472
6387,52.086875,123.08847946229294
6388,52.0875,122.9597064136761
6389,52.088125,122.50962531401187
6390,52.08875,121.97287451634114
6391,52.089375,122.15776050365598
6392,52.09,122.08974222624789
6393,52.090625,121.99361282218501
6394,52.09125,121.97287451634114
6395,52.091875,121.97287451634114
6396,52.0925,122.13741088957308
6397,52.093125,122.33215487976496
6398,52.09375,121.86843370324469
6399,52.094375,121.76980940364793
