,ax,t
43266,7.64,27.04125
43267,7.613,27.041875
43268,7.577,27.0425
43269,7.572,27.043125
43270,7.608,27.04375
43271,7.595,27.044375
43272,7.525,27.045
43273,7.452,27.045625
43274,7.503,27.04625
43275,7.453,27.046875
43276,7.397,27.0475
43277,7.37,27.048125
43278,7.333,27.04875
43279,7.364,27.049375
43280,7.415,27.05
43281,7.313,27.050625
43282,7.278,27.05125
43283,7.284,27.051875
43284,7.329,27.0525
43285,7.318,27.053125
43286,7.29,27.05375
43287,7.255,27.054375
43288,7.262,27.055
43289,7.237,27.055625
43290,7.219,27.05625
43291,7.243,27.056875
43292,7.208,27.0575
43293,7.187,27.058125
43294,7.195,27.05875
43295,7.28,27.059375
43296,7.263,27.06
43297,7.23,27.060625
43298,7.281,27.06125
43299,7.25,27.061875
43300,7.238,27.0625
43301,7.263,27.063125
43302,7.253,27.06375
43303,7.28,27.064375
43304,7.314,27.065
43305,7.304,27.065625
43306,7.314,27.06625
43307,7.316,27.066875
43308,7.302,27.0675
43309,7.299,27.068125
43310,7.31,27.06875
43311,7.314,27.069375
43312,7.249,27.07
43313,7.238,27.070625
43314,7.262,27.07125
43315,7.32,27.071875
43316,7.282,27.0725
43317,7.266,27.073125
43318,7.27,27.07375
43319,7.281,27.074375
43320,7.326,27.075
43321,7.375,27.075625
43322,7.406,27.07625
43323,7.316,27.076875
43324,7.312,27.0775
43325,7.38,27.078125
43326,7.346,27.07875
43327,7.345,27.079375
43328,7.36,27.08
43329,7.377,27.080625
43330,7.364,27.08125
43331,7.368,27.081875
43332,7.395,27.0825
43333,7.412,27.083125
43334,7.388,27.08375
43335,7.353,27.084375
43336,7.346,27.085
43337,7.316,27.085625
43338,7.308,27.08625
43339,7.329,27.086875
43340,7.289,27.0875
43341,7.235,27.088125
43342,7.194,27.08875
43343,7.225,27.089375
43344,7.153,27.09
43345,7.095,27.090625
43346,7.092,27.09125
43347,7.027,27.091875
43348,6.976,27.0925
43349,6.93,27.093125
43350,6.858,27.09375
43351,6.79,27.094375
43352,6.736,27.095
43353,6.705,27.095625
43354,6.651,27.09625
43355,6.593,27.096875
43356,6.541,27.0975
43357,6.545,27.098125
43358,6.485,27.09875
43359,6.413,27.099375
43360,6.358,27.1
43361,6.395,27.100625
43362,6.415,27.10125
43363,6.407,27.101875
43364,6.366,27.1025
43365,6.347,27.103125
43366,6.345,27.10375
43367,6.362,27.104375
43368,6.352,27.105
43369,6.332,27.105625
43370,6.305,27.10625
43371,6.285,27.106875
43372,6.298,27.1075
43373,6.313,27.108125
43374,6.282,27.10875
43375,6.266,27.109375
43376,6.261,27.11
43377,6.268,27.110625
43378,6.279,27.11125
43379,6.282,27.111875
43380,6.283,27.1125
43381,6.287,27.113125
43382,6.287,27.11375
43383,6.298,27.114375
43384,6.325,27.115
43385,6.285,27.115625
43386,6.288,27.11625
43387,6.319,27.116875
43388,6.336,27.1175
43389,6.329,27.118125
43390,6.334,27.11875
43391,6.372,27.119375
43392,6.367,27.12
43393,6.349,27.120625
43394,6.325,27.12125
43395,6.322,27.121875
43396,6.378,27.1225
43397,6.428,27.123125
43398,6.417,27.12375
43399,6.42,27.124375
43400,6.457,27.125
43401,6.523,27.125625
43402,6.54,27.12625
43403,6.555,27.126875
43404,6.582,27.1275
43405,6.643,27.128125
43406,6.717,27.12875
43407,6.771,27.129375
43408,6.797,27.13
43409,6.76,27.130625
43410,6.809,27.13125
43411,6.889,27.131875
43412,6.923,27.1325
43413,6.952,27.133125
43414,7.001,27.13375
43415,7.078,27.134375
43416,7.108,27.135
43417,7.175,27.135625
43418,7.243,27.13625
43419,7.237,27.136875
43420,7.268,27.1375
43421,7.291,27.138125
43422,7.288,27.13875
43423,7.335,27.139375
43424,7.341,27.14
43425,7.319,27.140625
43426,7.306,27.14125
43427,7.326,27.141875
43428,7.35,27.1425
43429,7.364,27.143125
43430,7.361,27.14375
43431,7.345,27.144375
43432,7.323,27.145
43433,7.337,27.145625
43434,7.309,27.14625
43435,7.27,27.146875
43436,7.243,27.1475
43437,7.228,27.148125
43438,7.206,27.14875
43439,7.18,27.149375
43440,7.207,27.15
43441,7.174,27.150625
43442,7.124,27.15125
43443,7.104,27.151875
43444,7.084,27.1525
43445,7.041,27.153125
43446,6.979,27.15375
43447,7.016,27.154375
43448,6.994,27.155
43449,6.946,27.155625
43450,6.915,27.15625
43451,6.938,27.156875
43452,6.953,27.1575
43453,6.943,27.158125
43454,6.899,27.15875
43455,6.908,27.159375
43456,6.944,27.16
43457,6.947,27.160625
43458,6.911,27.16125
43459,6.898,27.161875
43460,6.942,27.1625
43461,6.966,27.163125
43462,6.988,27.16375
43463,7.001,27.164375
43464,6.974,27.165
43465,6.99,27.165625
43466,7.006,27.16625
43467,6.992,27.166875
43468,6.997,27.1675
43469,6.976,27.168125
43470,6.936,27.16875
43471,6.956,27.169375
43472,6.984,27.17
43473,6.995,27.170625
43474,6.961,27.17125
43475,6.955,27.171875
43476,6.943,27.1725
43477,6.929,27.173125
43478,6.997,27.17375
43479,6.997,27.174375
43480,6.975,27.175
43481,6.985,27.175625
43482,6.934,27.17625
43483,6.915,27.176875
43484,6.946,27.1775
43485,6.902,27.178125
43486,6.843,27.17875
43487,6.81,27.179375
43488,6.902,27.18
43489,6.891,27.180625
43490,6.887,27.18125
43491,6.924,27.181875
43492,6.931,27.1825
43493,6.928,27.183125
43494,6.913,27.18375
43495,6.879,27.184375
43496,6.887,27.185
43497,6.93,27.185625
43498,7.012,27.18625
43499,6.963,27.186875
43500,6.963,27.1875
43501,6.998,27.188125
43502,6.977,27.18875
43503,6.972,27.189375
43504,6.987,27.19
43505,7.031,27.190625
43506,7.05,27.19125
43507,7.07,27.191875
43508,7.092,27.1925
43509,7.099,27.193125
43510,7.106,27.19375
43511,7.103,27.194375
43512,7.076,27.195
43513,7.097,27.195625
43514,7.145,27.19625
43515,7.21,27.196875
43516,7.186,27.1975
43517,7.18,27.198125
43518,7.182,27.19875
43519,7.178,27.199375
43520,7.224,27.2
43521,7.232,27.200625
43522,7.182,27.20125
43523,7.172,27.201875
43524,7.185,27.2025
43525,7.204,27.203125
43526,7.194,27.20375
43527,7.2,27.204375
43528,7.205,27.205
43529,7.202,27.205625
43530,7.242,27.20625
43531,7.257,27.206875
43532,7.25,27.2075
43533,7.226,27.208125
43534,7.281,27.20875
43535,7.307,27.209375
43536,7.239,27.21
43537,7.264,27.210625
43538,7.269,27.21125
43539,7.244,27.211875
43540,7.166,27.2125
43541,7.174,27.213125
43542,7.177,27.21375
43543,7.098,27.214375
43544,7.126,27.215
43545,7.105,27.215625
43546,7.038,27.21625
43547,7.075,27.216875
43548,7.017,27.2175
43549,6.931,27.218125
43550,6.887,27.21875
43551,6.902,27.219375
43552,6.899,27.22
43553,6.866,27.220625
43554,6.852,27.22125
43555,6.83,27.221875
43556,6.798,27.2225
43557,6.754,27.223125
43558,6.795,27.22375
43559,6.786,27.224375
43560,6.69,27.225
43561,6.717,27.225625
43562,6.719,27.22625
43563,6.709,27.226875
43564,6.713,27.2275
43565,6.705,27.228125
43566,6.698,27.22875
43567,6.694,27.229375
43568,6.691,27.23
43569,6.666,27.230625
43570,6.638,27.23125
43571,6.676,27.231875
43572,6.728,27.2325
43573,6.743,27.233125
43574,6.679,27.23375
43575,6.742,27.234375
43576,6.759,27.235
43577,6.737,27.235625
43578,6.775,27.23625
43579,6.773,27.236875
43580,6.756,27.2375
43581,6.739,27.238125
43582,6.737,27.23875
43583,6.788,27.239375
43584,6.879,27.24
43585,6.862,27.240625
43586,6.815,27.24125
43587,6.774,27.241875
43588,6.788,27.2425
43589,6.802,27.243125
43590,6.818,27.24375
43591,6.838,27.244375
43592,6.849,27.245
43593,6.837,27.245625
43594,6.815,27.24625
43595,6.798,27.246875
43596,6.772,27.2475
43597,6.764,27.248125
43598,6.78,27.24875
43599,6.756,27.249375
43600,6.759,27.25
43601,6.78,27.250625
43602,6.804,27.25125
43603,6.742,27.251875
43604,6.687,27.2525
43605,6.68,27.253125
43606,6.653,27.25375
43607,6.67,27.254375
43608,6.7,27.255
43609,6.611,27.255625
43610,6.553,27.25625
43611,6.55,27.256875
43612,6.631,27.2575
43613,6.599,27.258125
43614,6.567,27.25875
43615,6.54,27.259375
43616,6.493,27.26
43617,6.5,27.260625
43618,6.526,27.26125
43619,6.539,27.261875
43620,6.547,27.2625
43621,6.537,27.263125
43622,6.515,27.26375
43623,6.556,27.264375
43624,6.572,27.265
43625,6.578,27.265625
43626,6.592,27.26625
43627,6.643,27.266875
43628,6.675,27.2675
43629,6.679,27.268125
43630,6.77,27.26875
43631,6.776,27.269375
43632,6.76,27.27
43633,6.842,27.270625
43634,6.896,27.27125
43635,6.931,27.271875
43636,6.948,27.2725
43637,6.999,27.273125
43638,7.032,27.27375
43639,7.045,27.274375
43640,7.028,27.275
43641,7.125,27.275625
43642,7.212,27.27625
43643,7.225,27.276875
43644,7.245,27.2775
43645,7.292,27.278125
43646,7.354,27.27875
43647,7.377,27.279375
43648,7.369,27.28
43649,7.383,27.280625
43650,7.468,27.28125
43651,7.506,27.281875
43652,7.517,27.2825
43653,7.507,27.283125
43654,7.493,27.28375
43655,7.515,27.284375
43656,7.551,27.285
43657,7.581,27.285625
43658,7.597,27.28625
43659,7.594,27.286875
43660,7.574,27.2875
43661,7.561,27.288125
43662,7.601,27.28875
43663,7.636,27.289375
43664,7.571,27.29
43665,7.607,27.290625
43666,7.609,27.29125
43667,7.548,27.291875
43668,7.595,27.2925
43669,7.59,27.293125
43670,7.57,27.29375
43671,7.615,27.294375
43672,7.62,27.295
43673,7.633,27.295625
43674,7.671,27.29625
43675,7.674,27.296875
43676,7.7,27.2975
43677,7.726,27.298125
43678,7.681,27.29875
43679,7.752,27.299375
43680,7.829,27.3
43681,7.856,27.300625
43682,7.842,27.30125
43683,7.854,27.301875
43684,7.897,27.3025
43685,7.971,27.303125
43686,8.002,27.30375
43687,8.023,27.304375
43688,8.06,27.305
43689,8.076,27.305625
43690,8.088,27.30625
43691,8.102,27.306875
43692,8.157,27.3075
43693,8.204,27.308125
43694,8.245,27.30875
43695,8.275,27.309375
43696,8.312,27.31
43697,8.316,27.310625
43698,8.285,27.31125
43699,8.313,27.311875
43700,8.347,27.3125
43701,8.372,27.313125
43702,8.362,27.31375
43703,8.426,27.314375
43704,8.463,27.315
43705,8.447,27.315625
43706,8.461,27.31625
43707,8.493,27.316875
43708,8.536,27.3175
43709,8.577,27.318125
43710,8.534,27.31875
43711,8.505,27.319375
43712,8.532,27.32
43713,8.513,27.320625
43714,8.5,27.32125
43715,8.495,27.321875
43716,8.499,27.3225
43717,8.497,27.323125
43718,8.521,27.32375
43719,8.596,27.324375
43720,8.504,27.325
43721,8.456,27.325625
43722,8.455,27.32625
43723,8.449,27.326875
43724,8.476,27.3275
43725,8.483,27.328125
43726,8.415,27.32875
43727,8.424,27.329375
43728,8.387,27.33
43729,8.304,27.330625
43730,8.318,27.33125
43731,8.299,27.331875
43732,8.27,27.3325
43733,8.253,27.333125
43734,8.198,27.33375
43735,8.144,27.334375
43736,8.1,27.335
43737,8.056,27.335625
43738,8.059,27.33625
43739,8.074,27.336875
43740,8.037,27.3375
43741,7.983,27.338125
43742,7.93,27.33875
43743,7.887,27.339375
43744,7.917,27.34
43745,7.897,27.340625
43746,7.846,27.34125
43747,7.808,27.341875
43748,7.776,27.3425
43749,7.771,27.343125
43750,7.809,27.34375
43751,7.764,27.344375
43752,7.733,27.345
43753,7.718,27.345625
43754,7.715,27.34625
43755,7.674,27.346875
43756,7.605,27.3475
43757,7.51,27.348125
43758,7.535,27.34875
43759,7.546,27.349375
43760,7.531,27.35
43761,7.484,27.350625
43762,7.463,27.35125
43763,7.438,27.351875
43764,7.38,27.3525
43765,7.365,27.353125
43766,7.352,27.35375
43767,7.334,27.354375
43768,7.303,27.355
43769,7.293,27.355625
43770,7.301,27.35625
43771,7.331,27.356875
43772,7.237,27.3575
43773,7.173,27.358125
43774,7.171,27.35875
43775,7.127,27.359375
43776,7.113,27.36
43777,7.099,27.360625
43778,7.024,27.36125
43779,7.052,27.361875
43780,7.072,27.3625
43781,7.049,27.363125
43782,7.018,27.36375
43783,6.979,27.364375
43784,6.939,27.365
43785,6.919,27.365625
43786,6.946,27.36625
43787,6.963,27.366875
43788,6.939,27.3675
43789,6.847,27.368125
43790,6.804,27.36875
43791,6.797,27.369375
43792,6.746,27.37
43793,6.735,27.370625
43794,6.743,27.37125
43795,6.76,27.371875
43796,6.714,27.3725
43797,6.677,27.373125
43798,6.656,27.37375
43799,6.66,27.374375
43800,6.599,27.375
43801,6.552,27.375625
43802,6.606,27.37625
43803,6.547,27.376875
43804,6.512,27.3775
43805,6.519,27.378125
43806,6.482,27.37875
43807,6.424,27.379375
43808,6.388,27.38
43809,6.446,27.380625
43810,6.395,27.38125
43811,6.372,27.381875
43812,6.41,27.3825
43813,6.363,27.383125
43814,6.307,27.38375
43815,6.27,27.384375
43816,6.324,27.385
43817,6.376,27.385625
43818,6.395,27.38625
43819,6.364,27.386875
43820,6.394,27.3875
43821,6.401,27.388125
43822,6.389,27.38875
43823,6.369,27.389375
43824,6.385,27.39
43825,6.405,27.390625
43826,6.411,27.39125
43827,6.438,27.391875
43828,6.437,27.3925
43829,6.421,27.393125
43830,6.451,27.39375
43831,6.45,27.394375
43832,6.441,27.395
43833,6.445,27.395625
43834,6.414,27.39625
43835,6.432,27.396875
43836,6.499,27.3975
43837,6.556,27.398125
43838,6.565,27.39875
43839,6.551,27.399375
43840,6.534,27.4
43841,6.54,27.400625
43842,6.543,27.40125
43843,6.533,27.401875
43844,6.486,27.4025
43845,6.529,27.403125
43846,6.603,27.40375
43847,6.62,27.404375
43848,6.603,27.405
43849,6.567,27.405625
43850,6.518,27.40625
43851,6.565,27.406875
43852,6.603,27.4075
43853,6.638,27.408125
43854,6.693,27.40875
43855,6.698,27.409375
43856,6.68,27.41
43857,6.642,27.410625
43858,6.668,27.41125
43859,6.732,27.411875
43860,6.798,27.4125
43861,6.73,27.413125
43862,6.765,27.41375
43863,6.823,27.414375
43864,6.864,27.415
43865,6.905,27.415625
43866,6.902,27.41625
43867,6.875,27.416875
43868,6.943,27.4175
43869,6.972,27.418125
43870,7.007,27.41875
43871,7.088,27.419375
43872,7.115,27.42
43873,7.145,27.420625
43874,7.179,27.42125
43875,7.142,27.421875
43876,7.178,27.4225
43877,7.229,27.423125
43878,7.222,27.42375
43879,7.218,27.424375
43880,7.253,27.425
43881,7.33,27.425625
43882,7.299,27.42625
43883,7.303,27.426875
43884,7.328,27.4275
43885,7.355,27.428125
43886,7.326,27.42875
43887,7.328,27.429375
43888,7.388,27.43
43889,7.289,27.430625
43890,7.292,27.43125
43891,7.344,27.431875
43892,7.31,27.4325
43893,7.241,27.433125
43894,7.217,27.43375
43895,7.281,27.434375
43896,7.244,27.435
43897,7.237,27.435625
43898,7.261,27.43625
43899,7.305,27.436875
43900,7.269,27.4375
43901,7.213,27.438125
43902,7.176,27.43875
43903,7.246,27.439375
43904,7.283,27.44
43905,7.279,27.440625
43906,7.241,27.44125
43907,7.276,27.441875
43908,7.331,27.4425
43909,7.361,27.443125
43910,7.316,27.44375
43911,7.311,27.444375
43912,7.351,27.445
43913,7.296,27.445625
43914,7.333,27.44625
43915,7.383,27.446875
43916,7.342,27.4475
43917,7.359,27.448125
43918,7.404,27.44875
43919,7.47,27.449375
43920,7.477,27.45
43921,7.509,27.450625
43922,7.552,27.45125
43923,7.576,27.451875
43924,7.586,27.4525
43925,7.605,27.453125
43926,7.642,27.45375
43927,7.646,27.454375
43928,7.713,27.455
43929,7.814,27.455625
43930,7.861,27.45625
43931,7.872,27.456875
43932,7.885,27.4575
43933,7.919,27.458125
43934,7.943,27.45875
43935,7.97,27.459375
43936,7.997,27.46
43937,7.997,27.460625
43938,8.057,27.46125
43939,8.118,27.461875
43940,8.139,27.4625
43941,8.156,27.463125
43942,8.176,27.46375
43943,8.2,27.464375
43944,8.224,27.465
43945,8.236,27.465625
43946,8.235,27.46625
43947,8.215,27.466875
43948,8.239,27.4675
43949,8.254,27.468125
43950,8.251,27.46875
43951,8.254,27.469375
43952,8.271,27.47
43953,8.288,27.470625
43954,8.284,27.47125
43955,8.27,27.471875
43956,8.278,27.4725
43957,8.319,27.473125
43958,8.373,27.47375
43959,8.377,27.474375
43960,8.357,27.475
43961,8.364,27.475625
43962,8.423,27.47625
43963,8.494,27.476875
43964,8.566,27.4775
43965,8.556,27.478125
43966,8.595,27.47875
43967,8.66,27.479375
43968,8.677,27.48
43969,8.707,27.480625
43970,8.739,27.48125
43971,8.766,27.481875
43972,8.832,27.4825
43973,8.931,27.483125
43974,9.047,27.48375
43975,9.098,27.484375
43976,9.159,27.485
43977,9.214,27.485625
43978,9.248,27.48625
43979,9.273,27.486875
43980,9.368,27.4875
43981,9.526,27.488125
43982,9.601,27.48875
43983,9.632,27.489375
43984,9.649,27.49
43985,9.687,27.490625
43986,9.775,27.49125
43987,9.87,27.491875
43988,9.961,27.4925
43989,9.985,27.493125
43990,10.029,27.49375
43991,10.075,27.494375
43992,10.095,27.495
43993,10.195,27.495625
43994,10.28,27.49625
43995,10.325,27.496875
43996,10.372,27.4975
43997,10.414,27.498125
43998,10.437,27.49875
43999,10.407,27.499375
44000,10.46,27.5
44001,10.54,27.500625
44002,10.628,27.50125
44003,10.644,27.501875
44004,10.657,27.5025
44005,10.662,27.503125
44006,10.625,27.50375
44007,10.695,27.504375
44008,10.763,27.505
44009,10.76,27.505625
44010,10.715,27.50625
44011,10.674,27.506875
44012,10.652,27.5075
44013,10.713,27.508125
44014,10.668,27.50875
44015,10.626,27.509375
44016,10.691,27.51
44017,10.658,27.510625
44018,10.603,27.51125
44019,10.543,27.511875
44020,10.526,27.5125
44021,10.511,27.513125
44022,10.488,27.51375
44023,10.441,27.514375
44024,10.408,27.515
44025,10.331,27.515625
44026,10.202,27.51625
44027,10.147,27.516875
44028,10.108,27.5175
44029,10.081,27.518125
44030,10.068,27.51875
44031,9.998,27.519375
44032,9.936,27.52
44033,9.902,27.520625
44034,9.81,27.52125
44035,9.743,27.521875
44036,9.694,27.5225
44037,9.653,27.523125
44038,9.617,27.52375
44039,9.574,27.524375
44040,9.516,27.525
44041,9.445,27.525625
44042,9.424,27.52625
44043,9.427,27.526875
44044,9.356,27.5275
44045,9.327,27.528125
44046,9.327,27.52875
44047,9.355,27.529375
44048,9.328,27.53
44049,9.289,27.530625
44050,9.243,27.53125
44051,9.209,27.531875
44052,9.206,27.5325
44053,9.215,27.533125
44054,9.222,27.53375
44055,9.238,27.534375
44056,9.251,27.535
44057,9.258,27.535625
44058,9.224,27.53625
44059,9.188,27.536875
44060,9.183,27.5375
44061,9.272,27.538125
44062,9.227,27.53875
44063,9.204,27.539375
44064,9.236,27.54
44065,9.226,27.540625
44066,9.25,27.54125
44067,9.287,27.541875
44068,9.297,27.5425
44069,9.277,27.543125
44070,9.265,27.54375
44071,9.275,27.544375
44072,9.329,27.545
44073,9.34,27.545625
44074,9.313,27.54625
44075,9.259,27.546875
44076,9.223,27.5475
44077,9.223,27.548125
44078,9.278,27.54875
44079,9.251,27.549375
44080,9.257,27.55
44081,9.289,27.550625
44082,9.286,27.55125
44083,9.31,27.551875
44084,9.315,27.5525
44085,9.26,27.553125
44086,9.243,27.55375
44087,9.256,27.554375
44088,9.288,27.555
44089,9.274,27.555625
44090,9.256,27.55625
44091,9.255,27.556875
44092,9.303,27.5575
44093,9.312,27.558125
44094,9.331,27.55875
44095,9.365,27.559375
44096,9.344,27.56
44097,9.313,27.560625
44098,9.3,27.56125
44099,9.361,27.561875
44100,9.422,27.5625
44101,9.46,27.563125
44102,9.466,27.56375
44103,9.439,27.564375
44104,9.416,27.565
44105,9.399,27.565625
44106,9.396,27.56625
44107,9.479,27.566875
44108,9.539,27.5675
44109,9.529,27.568125
44110,9.539,27.56875
44111,9.553,27.569375
44112,9.575,27.57
44113,9.623,27.570625
44114,9.673,27.57125
44115,9.692,27.571875
44116,9.651,27.5725
44117,9.697,27.573125
44118,9.704,27.57375
44119,9.69,27.574375
44120,9.785,27.575
44121,9.738,27.575625
44122,9.699,27.57625
44123,9.798,27.576875
44124,9.779,27.5775
44125,9.787,27.578125
44126,9.829,27.57875
44127,9.812,27.579375
44128,9.793,27.58
44129,9.776,27.580625
44130,9.769,27.58125
44131,9.742,27.581875
44132,9.743,27.5825
44133,9.781,27.583125
44134,9.832,27.58375
44135,9.848,27.584375
44136,9.831,27.585
44137,9.773,27.585625
44138,9.783,27.58625
44139,9.788,27.586875
44140,9.769,27.5875
44141,9.806,27.588125
44142,9.788,27.58875
44143,9.741,27.589375
44144,9.724,27.59
44145,9.777,27.590625
44146,9.828,27.59125
44147,9.845,27.591875
44148,9.765,27.5925
44149,9.718,27.593125
44150,9.689,27.59375
44151,9.614,27.594375
44152,9.601,27.595
44153,9.586,27.595625
44154,9.528,27.59625
44155,9.476,27.596875
44156,9.458,27.5975
44157,9.463,27.598125
44158,9.428,27.59875
44159,9.404,27.599375
44160,9.381,27.6
44161,9.35,27.600625
44162,9.298,27.60125
44163,9.267,27.601875
44164,9.262,27.6025
44165,9.272,27.603125
44166,9.238,27.60375
44167,9.199,27.604375
44168,9.199,27.605
44169,9.201,27.605625
44170,9.189,27.60625
44171,9.16,27.606875
44172,9.164,27.6075
44173,9.172,27.608125
44174,9.179,27.60875
44175,9.179,27.609375
44176,9.171,27.61
44177,9.161,27.610625
44178,9.151,27.61125
44179,9.229,27.611875
44180,9.279,27.6125
44181,9.293,27.613125
44182,9.235,27.61375
44183,9.284,27.614375
44184,9.333,27.615
44185,9.333,27.615625
44186,9.389,27.61625
44187,9.397,27.616875
44188,9.368,27.6175
44189,9.347,27.618125
44190,9.33,27.61875
44191,9.355,27.619375
44192,9.464,27.62
44193,9.367,27.620625
44194,9.312,27.62125
44195,9.309,27.621875
44196,9.312,27.6225
44197,9.311,27.623125
44198,9.299,27.62375
44199,9.265,27.624375
44200,9.288,27.625
44201,9.302,27.625625
44202,9.295,27.62625
44203,9.244,27.626875
44204,9.211,27.6275
44205,9.184,27.628125
44206,9.147,27.62875
44207,9.141,27.629375
44208,9.137,27.63
44209,9.123,27.630625
44210,9.004,27.63125
44211,8.97,27.631875
44212,8.993,27.6325
44213,9.037,27.633125
44214,9.009,27.63375
44215,8.958,27.634375
44216,8.897,27.635
44217,8.91,27.635625
44218,8.938,27.63625
44219,8.97,27.636875
44220,8.977,27.6375
44221,8.939,27.638125
44222,8.909,27.63875
44223,8.916,27.639375
44224,8.867,27.64
44225,8.867,27.640625
44226,8.9,27.64125
44227,8.886,27.641875
44228,8.843,27.6425
44229,8.83,27.643125
44230,8.905,27.64375
44231,8.874,27.644375
44232,8.887,27.645
44233,8.94,27.645625
44234,8.896,27.64625
44235,8.894,27.646875
44236,8.904,27.6475
44237,8.898,27.648125
44238,8.954,27.64875
44239,8.986,27.649375
44240,8.982,27.65
44241,8.972,27.650625
44242,8.989,27.65125
44243,9.019,27.651875
44244,9.05,27.6525
44245,9.023,27.653125
44246,9.011,27.65375
44247,9.029,27.654375
44248,8.968,27.655
44249,8.983,27.655625
44250,9.032,27.65625
44251,9.039,27.656875
44252,9.041,27.6575
44253,9.03,27.658125
44254,9.003,27.65875
44255,8.959,27.659375
44256,8.936,27.66
44257,8.939,27.660625
44258,8.99,27.66125
44259,8.966,27.661875
44260,8.944,27.6625
44261,8.967,27.663125
44262,8.965,27.66375
44263,8.968,27.664375
44264,8.97,27.665
44265,8.947,27.665625
44266,8.984,27.66625
44267,9.014,27.666875
44268,8.977,27.6675
44269,8.936,27.668125
44270,8.925,27.66875
44271,8.936,27.669375
44272,8.892,27.67
44273,8.871,27.670625
44274,8.877,27.67125
44275,8.924,27.671875
44276,8.93,27.6725
44277,8.908,27.673125
44278,8.868,27.67375
44279,8.957,27.674375
44280,8.94,27.675
44281,8.881,27.675625
44282,8.874,27.67625
44283,8.893,27.676875
44284,8.902,27.6775
44285,8.892,27.678125
44286,8.854,27.67875
44287,8.844,27.679375
44288,8.839,27.68
44289,8.788,27.680625
44290,8.826,27.68125
44291,8.833,27.681875
44292,8.755,27.6825
44293,8.856,27.683125
44294,8.822,27.68375
44295,8.717,27.684375
44296,8.792,27.685
44297,8.765,27.685625
44298,8.712,27.68625
44299,8.674,27.686875
44300,8.688,27.6875
44301,8.685,27.688125
44302,8.664,27.68875
44303,8.636,27.689375
44304,8.629,27.69
44305,8.617,27.690625
44306,8.58,27.69125
44307,8.545,27.691875
44308,8.525,27.6925
44309,8.514,27.693125
44310,8.452,27.69375
44311,8.423,27.694375
44312,8.415,27.695
44313,8.422,27.695625
44314,8.411,27.69625
44315,8.414,27.696875
44316,8.434,27.6975
44317,8.352,27.698125
44318,8.34,27.69875
44319,8.349,27.699375
44320,8.298,27.7
44321,8.311,27.700625
44322,8.328,27.70125
44323,8.332,27.701875
44324,8.349,27.7025
44325,8.34,27.703125
44326,8.321,27.70375
44327,8.342,27.704375
44328,8.346,27.705
44329,8.359,27.705625
44330,8.393,27.70625
44331,8.384,27.706875
44332,8.351,27.7075
44333,8.306,27.708125
44334,8.292,27.70875
44335,8.342,27.709375
44336,8.368,27.71
44337,8.303,27.710625
44338,8.396,27.71125
44339,8.41,27.711875
44340,8.347,27.7125
44341,8.354,27.713125
44342,8.334,27.71375
44343,8.316,27.714375
44344,8.326,27.715
44345,8.418,27.715625
44346,8.441,27.71625
44347,8.388,27.716875
44348,8.436,27.7175
44349,8.465,27.718125
44350,8.474,27.71875
44351,8.45,27.719375
44352,8.464,27.72
44353,8.481,27.720625
44354,8.494,27.72125
44355,8.477,27.721875
44356,8.522,27.7225
44357,8.59,27.723125
44358,8.61,27.72375
44359,8.636,27.724375
44360,8.67,27.725
44361,8.715,27.725625
44362,8.718,27.72625
44363,8.78,27.726875
44364,8.873,27.7275
44365,8.928,27.728125
44366,9.006,27.72875
44367,9.072,27.729375
44368,9.106,27.73
44369,9.218,27.730625
44370,9.276,27.73125
44371,9.289,27.731875
44372,9.32,27.7325
44373,9.348,27.733125
44374,9.378,27.73375
44375,9.416,27.734375
44376,9.512,27.735
44377,9.594,27.735625
44378,9.648,27.73625
44379,9.641,27.736875
44380,9.705,27.7375
44381,9.769,27.738125
44382,9.756,27.73875
44383,9.796,27.739375
44384,9.856,27.74
44385,9.928,27.740625
44386,9.955,27.74125
44387,9.98,27.741875
44388,9.997,27.7425
44389,9.99,27.743125
44390,10.02,27.74375
44391,10.032,27.744375
44392,10.013,27.745
44393,10.013,27.745625
44394,10.027,27.74625
44395,10.049,27.746875
44396,10.063,27.7475
44397,10.063,27.748125
44398,10.05,27.74875
44399,10.023,27.749375
44400,9.952,27.75
44401,9.927,27.750625
44402,9.936,27.75125
44403,9.936,27.751875
44404,9.933,27.7525
44405,9.943,27.753125
44406,9.977,27.75375
44407,9.915,27.754375
44408,9.883,27.755
44409,9.884,27.755625
44410,9.891,27.75625
44411,9.905,27.756875
44412,9.922,27.7575
44413,9.939,27.758125
44414,9.864,27.75875
44415,9.816,27.759375
44416,9.807,27.76
44417,9.814,27.760625
44418,9.83,27.76125
44419,9.816,27.761875
44420,9.71,27.7625
44421,9.655,27.763125
44422,9.608,27.76375
44423,9.562,27.764375
44424,9.559,27.765
44425,9.509,27.765625
44426,9.433,27.76625
44427,9.351,27.766875
44428,9.315,27.7675
44429,9.288,27.768125
44430,9.26,27.76875
44431,9.175,27.769375
44432,9.108,27.77
44433,9.052,27.770625
44434,8.987,27.77125
44435,8.957,27.771875
44436,8.932,27.7725
44437,8.898,27.773125
44438,8.814,27.77375
44439,8.785,27.774375
44440,8.785,27.775
44441,8.717,27.775625
44442,8.68,27.77625
44443,8.653,27.776875
44444,8.626,27.7775
44445,8.624,27.778125
44446,8.588,27.77875
44447,8.529,27.779375
44448,8.532,27.78
44449,8.574,27.780625
44450,8.614,27.78125
44451,8.614,27.781875
44452,8.584,27.7825
44453,8.54,27.783125
44454,8.493,27.78375
44455,8.527,27.784375
44456,8.535,27.785
44457,8.55,27.785625
44458,8.615,27.78625
44459,8.612,27.786875
44460,8.591,27.7875
44461,8.562,27.788125
44462,8.576,27.78875
44463,8.589,27.789375
44464,8.613,27.79
44465,8.671,27.790625
44466,8.609,27.79125
44467,8.575,27.791875
44468,8.619,27.7925
44469,8.65,27.793125
44470,8.689,27.79375
44471,8.716,27.794375
44472,8.672,27.795
44473,8.715,27.795625
44474,8.748,27.79625
44475,8.721,27.796875
44476,8.756,27.7975
44477,8.803,27.798125
44478,8.844,27.79875
44479,8.81,27.799375
44480,8.776,27.8
44481,8.76,27.800625
44482,8.78,27.80125
44483,8.835,27.801875
44484,8.846,27.8025
44485,8.815,27.803125
44486,8.815,27.80375
44487,8.851,27.804375
44488,8.895,27.805
44489,8.923,27.805625
44490,8.938,27.80625
44491,8.938,27.806875
44492,8.93,27.8075
44493,8.995,27.808125
44494,9.017,27.80875
44495,9.038,27.809375
44496,9.123,27.81
44497,9.09,27.810625
44498,9.055,27.81125
44499,9.049,27.811875
44500,9.158,27.8125
44501,9.196,27.813125
44502,9.201,27.81375
44503,9.235,27.814375
44504,9.236,27.815
44505,9.242,27.815625
44506,9.265,27.81625
44507,9.282,27.816875
44508,9.284,27.8175
44509,9.264,27.818125
44510,9.203,27.81875
44511,9.236,27.819375
44512,9.262,27.82
44513,9.224,27.820625
44514,9.265,27.82125
44515,9.275,27.821875
44516,9.259,27.8225
44517,9.249,27.823125
44518,9.271,27.82375
44519,9.299,27.824375
44520,9.312,27.825
44521,9.289,27.825625
44522,9.317,27.82625
44523,9.385,27.826875
44524,9.33,27.8275
44525,9.316,27.828125
44526,9.312,27.82875
44527,9.292,27.829375
44528,9.269,27.83
44529,9.286,27.830625
44530,9.345,27.83125
44531,9.314,27.831875
44532,9.311,27.8325
44533,9.313,27.833125
44534,9.293,27.83375
44535,9.304,27.834375
44536,9.343,27.835
44537,9.409,27.835625
44538,9.392,27.83625
44539,9.392,27.836875
44540,9.405,27.8375
44541,9.428,27.838125
44542,9.409,27.83875
44543,9.371,27.839375
44544,9.324,27.84
44545,9.413,27.840625
44546,9.462,27.84125
44547,9.476,27.841875
44548,9.472,27.8425
44549,9.484,27.843125
44550,9.482,27.84375
44551,9.445,27.844375
44552,9.555,27.845
44553,9.577,27.845625
44554,9.535,27.84625
44555,9.616,27.846875
44556,9.627,27.8475
44557,9.626,27.848125
44558,9.66,27.84875
44559,9.654,27.849375
44560,9.659,27.85
44561,9.681,27.850625
44562,9.726,27.85125
44563,9.772,27.851875
44564,9.809,27.8525
44565,9.815,27.853125
44566,9.86,27.85375
44567,9.927,27.854375
44568,10.006,27.855
44569,9.968,27.855625
44570,10.003,27.85625
44571,10.06,27.856875
44572,10.06,27.8575
44573,10.038,27.858125
44574,10.052,27.85875
44575,10.123,27.859375
44576,10.13,27.86
44577,10.143,27.860625
44578,10.155,27.86125
44579,10.148,27.861875
44580,10.152,27.8625
44581,10.16,27.863125
44582,10.17,27.86375
44583,10.177,27.864375
44584,10.182,27.865
44585,10.182,27.865625
44586,10.165,27.86625
44587,10.123,27.866875
44588,10.117,27.8675
44589,10.199,27.868125
44590,10.16,27.86875
44591,10.124,27.869375
44592,10.106,27.87
44593,10.123,27.870625
44594,10.091,27.87125
44595,10.063,27.871875
44596,10.087,27.8725
44597,10.15,27.873125
44598,10.167,27.87375
44599,10.133,27.874375
44600,10.143,27.875
44601,10.131,27.875625
44602,10.107,27.87625
44603,10.083,27.876875
44604,10.071,27.8775
44605,10.073,27.878125
44606,10.091,27.87875
44607,10.132,27.879375
44608,10.144,27.88
44609,10.144,27.880625
44610,10.154,27.88125
44611,10.209,27.881875
44612,10.233,27.8825
44613,10.199,27.883125
44614,10.196,27.88375
44615,10.219,27.884375
44616,10.255,27.885
44617,10.272,27.885625
44618,10.276,27.88625
44619,10.252,27.886875
44620,10.187,27.8875
44621,10.165,27.888125
44622,10.19,27.88875
44623,10.217,27.889375
44624,10.047,27.89
44625,10.038,27.890625
44626,10.038,27.89125
44627,9.943,27.891875
44628,9.908,27.8925
44629,9.868,27.893125
44630,9.817,27.89375
44631,9.739,27.894375
44632,9.661,27.895
44633,9.608,27.895625
44634,9.614,27.89625
44635,9.567,27.896875
44636,9.514,27.8975
44637,9.457,27.898125
44638,9.325,27.89875
44639,9.278,27.899375
44640,9.259,27.9
44641,9.194,27.900625
44642,9.15,27.90125
44643,9.094,27.901875
44644,9.02,27.9025
44645,8.983,27.903125
44646,8.971,27.90375
44647,8.962,27.904375
44648,8.907,27.905
44649,8.875,27.905625
44650,8.856,27.90625
44651,8.849,27.906875
44652,8.795,27.9075
44653,8.794,27.908125
44654,8.816,27.90875
44655,8.765,27.909375
44656,8.764,27.91
44657,8.771,27.910625
44658,8.768,27.91125
44659,8.683,27.911875
44660,8.647,27.9125
44661,8.641,27.913125
44662,8.556,27.91375
44663,8.588,27.914375
44664,8.637,27.915
44665,8.634,27.915625
44666,8.553,27.91625
44667,8.469,27.916875
44668,8.404,27.9175
44669,8.459,27.918125
44670,8.45,27.91875
44671,8.421,27.919375
44672,8.414,27.92
44673,8.404,27.920625
44674,8.385,27.92125
44675,8.352,27.921875
44676,8.284,27.9225
44677,8.287,27.923125
44678,8.299,27.92375
44679,8.224,27.924375
44680,8.192,27.925
44681,8.179,27.925625
44682,8.177,27.92625
44683,8.095,27.926875
44684,8.064,27.9275
44685,8.067,27.928125
44686,8.084,27.92875
44687,8.06,27.929375
44688,8.013,27.93
44689,7.945,27.930625
44690,7.921,27.93125
44691,7.918,27.931875
44692,7.929,27.9325
44693,7.926,27.933125
44694,7.935,27.93375
44695,7.943,27.934375
44696,7.939,27.935
44697,7.949,27.935625
44698,7.966,27.93625
44699,7.991,27.936875
44700,8.018,27.9375
44701,8.006,27.938125
44702,7.999,27.93875
44703,8.036,27.939375
44704,8.04,27.94
44705,8.045,27.940625
44706,8.061,27.94125
44707,8.136,27.941875
44708,8.15,27.9425
44709,8.16,27.943125
44710,8.231,27.94375
44711,8.306,27.944375
44712,8.315,27.945
44713,8.253,27.945625
44714,8.297,27.94625
44715,8.315,27.946875
44716,8.334,27.9475
44717,8.406,27.948125
44718,8.438,27.94875
44719,8.453,27.949375
44720,8.458,27.95
44721,8.563,27.950625
44722,8.65,27.95125
44723,8.715,27.951875
44724,8.743,27.9525
44725,8.783,27.953125
44726,8.812,27.95375
44727,8.815,27.954375
44728,8.799,27.955
44729,8.813,27.955625
44730,8.859,27.95625
44731,8.954,27.956875
44732,9.001,27.9575
44733,9.025,27.958125
44734,9.035,27.95875
44735,9.125,27.959375
44736,9.136,27.96
44737,9.086,27.960625
44738,9.147,27.96125
44739,9.192,27.961875
44740,9.235,27.9625
44741,9.293,27.963125
44742,9.36,27.96375
44743,9.368,27.964375
44744,9.324,27.965
44745,9.392,27.965625
44746,9.46,27.96625
44747,9.512,27.966875
44748,9.518,27.9675
44749,9.534,27.968125
44750,9.549,27.96875
44751,9.563,27.969375
44752,9.57,27.97
44753,9.637,27.970625
44754,9.712,27.97125
44755,9.695,27.971875
44756,9.708,27.9725
44757,9.747,27.973125
44758,9.812,27.97375
44759,9.849,27.974375
44760,9.828,27.975
44761,9.783,27.975625
44762,9.81,27.97625
44763,9.819,27.976875
44764,9.834,27.9775
44765,9.868,27.978125
44766,9.836,27.97875
44767,9.844,27.979375
44768,9.88,27.98
44769,9.89,27.980625
44770,9.827,27.98125
44771,9.807,27.981875
44772,9.922,27.9825
44773,9.909,27.983125
44774,9.878,27.98375
44775,9.847,27.984375
44776,9.868,27.985
44777,9.828,27.985625
44778,9.785,27.98625
44779,9.792,27.986875
44780,9.804,27.9875
44781,9.79,27.988125
44782,9.749,27.98875
44783,9.742,27.989375
44784,9.71,27.99
44785,9.669,27.990625
44786,9.635,27.99125
44787,9.641,27.991875
44788,9.652,27.9925
44789,9.659,27.993125
44790,9.669,27.99375
44791,9.677,27.994375
44792,9.684,27.995
44793,9.695,27.995625
44794,9.724,27.99625
44795,9.739,27.996875
44796,9.725,27.9975
44797,9.732,27.998125
44798,9.737,27.99875
44799,9.723,27.999375
44800,9.628,28.0
44801,9.621,28.000625
44802,9.639,28.00125
44803,9.653,28.001875
44804,9.692,28.0025
44805,9.744,28.003125
44806,9.795,28.00375
44807,9.778,28.004375
44808,9.776,28.005
44809,9.774,28.005625
44810,9.76,28.00625
44811,9.79,28.006875
44812,9.788,28.0075
44813,9.759,28.008125
44814,9.806,28.00875
44815,9.812,28.009375
44816,9.815,28.01
44817,9.863,28.010625
44818,9.908,28.01125
44819,9.912,28.011875
44820,9.877,28.0125
44821,9.924,28.013125
44822,9.965,28.01375
44823,9.988,28.014375
44824,9.964,28.015
44825,9.98,28.015625
44826,9.99,28.01625
44827,9.986,28.016875
44828,10.071,28.0175
44829,10.085,28.018125
44830,10.063,28.01875
44831,10.077,28.019375
44832,10.093,28.02
44833,10.11,28.020625
44834,10.127,28.02125
44835,10.141,28.021875
44836,10.152,28.0225
44837,10.163,28.023125
44838,10.177,28.02375
44839,10.17,28.024375
44840,10.165,28.025
44841,10.175,28.025625
44842,10.156,28.02625
44843,10.17,28.026875
44844,10.207,28.0275
44845,10.194,28.028125
44846,10.222,28.02875
44847,10.233,28.029375
44848,10.172,28.03
44849,10.2,28.030625
44850,10.195,28.03125
44851,10.157,28.031875
44852,10.218,28.0325
44853,10.298,28.033125
44854,10.351,28.03375
44855,10.31,28.034375
44856,10.299,28.035
44857,10.303,28.035625
44858,10.323,28.03625
44859,10.401,28.036875
44860,10.412,28.0375
44861,10.404,28.038125
44862,10.458,28.03875
44863,10.507,28.039375
44864,10.546,28.04
44865,10.572,28.040625
44866,10.538,28.04125
44867,10.531,28.041875
44868,10.551,28.0425
44869,10.612,28.043125
44870,10.585,28.04375
44871,10.556,28.044375
44872,10.563,28.045
44873,10.613,28.045625
44874,10.629,28.04625
44875,10.615,28.046875
44876,10.581,28.0475
44877,10.524,28.048125
44878,10.5,28.04875
44879,10.555,28.049375
44880,10.546,28.05
44881,10.521,28.050625
44882,10.489,28.05125
44883,10.465,28.051875
44884,10.414,28.0525
44885,10.372,28.053125
44886,10.372,28.05375
44887,10.356,28.054375
44888,10.338,28.055
44889,10.316,28.055625
44890,10.275,28.05625
44891,10.257,28.056875
44892,10.222,28.0575
44893,10.11,28.058125
44894,10.161,28.05875
44895,10.207,28.059375
44896,10.21,28.06
44897,10.111,28.060625
44898,10.083,28.06125
44899,10.099,28.061875
44900,10.119,28.0625
44901,10.117,28.063125
44902,10.127,28.06375
44903,10.161,28.064375
44904,10.171,28.065
44905,10.177,28.065625
44906,10.172,28.06625
44907,10.128,28.066875
44908,10.195,28.0675
44909,10.266,28.068125
44910,10.289,28.06875
44911,10.307,28.069375
44912,10.31,28.07
44913,10.327,28.070625
44914,10.48,28.07125
44915,10.53,28.071875
44916,10.529,28.0725
44917,10.499,28.073125
44918,10.584,28.07375
44919,10.653,28.074375
44920,10.693,28.075
44921,10.693,28.075625
44922,10.74,28.07625
44923,10.792,28.076875
44924,10.806,28.0775
44925,10.913,28.078125
44926,11.001,28.07875
44927,11.056,28.079375
44928,11.113,28.08
44929,11.198,28.080625
44930,11.29,28.08125
44931,11.361,28.081875
44932,11.404,28.0825
44933,11.446,28.083125
44934,11.493,28.08375
44935,11.534,28.084375
44936,11.662,28.085
44937,11.818,28.085625
44938,11.886,28.08625
44939,11.929,28.086875
44940,12.01,28.0875
44941,12.156,28.088125
44942,12.205,28.08875
44943,12.221,28.089375
44944,12.236,28.09
44945,12.351,28.090625
44946,12.435,28.09125
44947,12.52,28.091875
44948,12.622,28.0925
44949,12.656,28.093125
44950,12.711,28.09375
44951,12.779,28.094375
44952,12.806,28.095
44953,12.851,28.095625
44954,12.911,28.09625
44955,12.989,28.096875
44956,13.077,28.0975
44957,13.163,28.098125
44958,13.25,28.09875
44959,13.352,28.099375
44960,13.409,28.1
44961,13.463,28.100625
44962,13.558,28.10125
44963,13.686,28.101875
44964,13.765,28.1025
44965,13.79,28.103125
44966,13.947,28.10375
44967,14.019,28.104375
44968,14.076,28.105
44969,14.226,28.105625
44970,14.344,28.10625
44971,14.433,28.106875
44972,14.491,28.1075
44973,14.559,28.108125
44974,14.629,28.10875
44975,14.71,28.109375
44976,14.829,28.11
44977,14.9,28.110625
44978,14.934,28.11125
44979,14.93,28.111875
44980,14.967,28.1125
44981,14.995,28.113125
44982,15.022,28.11375
44983,15.087,28.114375
44984,15.067,28.115
44985,15.047,28.115625
44986,15.082,28.11625
44987,15.067,28.116875
44988,15.056,28.1175
44989,15.034,28.118125
44990,14.908,28.11875
44991,14.873,28.119375
44992,14.862,28.12
44993,14.828,28.120625
44994,14.76,28.12125
44995,14.692,28.121875
44996,14.63,28.1225
44997,14.593,28.123125
44998,14.534,28.12375
44999,14.472,28.124375
45000,14.424,28.125
45001,14.386,28.125625
45002,14.351,28.12625
45003,14.319,28.126875
45004,14.261,28.1275
45005,14.184,28.128125
45006,14.099,28.12875
45007,14.024,28.129375
45008,13.943,28.13
45009,13.865,28.130625
45010,13.79,28.13125
45011,13.701,28.131875
45012,13.601,28.1325
45013,13.501,28.133125
45014,13.44,28.13375
45015,13.288,28.134375
45016,13.153,28.135
45017,13.089,28.135625
45018,12.941,28.13625
45019,12.807,28.136875
45020,12.688,28.1375
45021,12.586,28.138125
45022,12.433,28.13875
45023,12.279,28.139375
45024,12.156,28.14
45025,11.996,28.140625
45026,11.843,28.14125
45027,11.699,28.141875
45028,11.542,28.1425
45029,11.396,28.143125
45030,11.264,28.14375
45031,11.159,28.144375
45032,10.944,28.145
45033,10.775,28.145625
45034,10.669,28.14625
45035,10.557,28.146875
45036,10.363,28.1475
45037,10.158,28.148125
45038,10.039,28.14875
45039,9.851,28.149375
45040,9.674,28.15
45041,9.524,28.150625
45042,9.283,28.15125
45043,9.129,28.151875
45044,9.012,28.1525
45045,8.842,28.153125
45046,8.68,28.15375
45047,8.527,28.154375
45048,8.384,28.155
45049,8.218,28.155625
45050,8.069,28.15625
45051,7.926,28.156875
45052,7.749,28.1575
45053,7.617,28.158125
45054,7.485,28.15875
45055,7.332,28.159375
45056,7.225,28.16
45057,7.114,28.160625
45058,6.986,28.16125
45059,6.789,28.161875
45060,6.637,28.1625
45061,6.523,28.163125
45062,6.455,28.16375
45063,6.346,28.164375
45064,6.201,28.165
45065,6.04,28.165625
45066,6.017,28.16625
45067,5.964,28.166875
45068,5.881,28.1675
45069,5.752,28.168125
45070,5.676,28.16875
45071,5.597,28.169375
45072,5.505,28.17
45073,5.402,28.170625
45074,5.332,28.17125
45075,5.268,28.171875
45076,5.176,28.1725
45077,5.122,28.173125
45078,5.065,28.17375
45079,4.999,28.174375
45080,4.989,28.175
45081,4.94,28.175625
45082,4.871,28.17625
45083,4.81,28.176875
45084,4.738,28.1775
45085,4.666,28.178125
45086,4.598,28.17875
45087,4.523,28.179375
45088,4.535,28.18
45089,4.585,28.180625
45090,4.517,28.18125
45091,4.488,28.181875
45092,4.461,28.1825
45093,4.417,28.183125
45094,4.386,28.18375
45095,4.37,28.184375
45096,4.357,28.185
45097,4.282,28.185625
45098,4.225,28.18625
45099,4.201,28.186875
45100,4.235,28.1875
45101,4.219,28.188125
45102,4.182,28.18875
45103,4.136,28.189375
45104,4.177,28.19
45105,4.22,28.190625
45106,4.225,28.19125
45107,4.13,28.191875
45108,4.172,28.1925
45109,4.199,28.193125
45110,4.194,28.19375
45111,4.262,28.194375
45112,4.283,28.195
45113,4.298,28.195625
45114,4.37,28.19625
45115,4.362,28.196875
45116,4.359,28.1975
45117,4.387,28.198125
45118,4.445,28.19875
45119,4.47,28.199375
45120,4.488,28.2
45121,4.562,28.200625
45122,4.57,28.20125
45123,4.569,28.201875
45124,4.582,28.2025
45125,4.673,28.203125
45126,4.694,28.20375
45127,4.666,28.204375
45128,4.653,28.205
45129,4.616,28.205625
45130,4.631,28.20625
45131,4.757,28.206875
45132,4.742,28.2075
45133,4.735,28.208125
45134,4.744,28.20875
45135,4.771,28.209375
45136,4.747,28.21
45137,4.731,28.210625
45138,4.779,28.21125
45139,4.731,28.211875
45140,4.727,28.2125
45141,4.778,28.213125
45142,4.826,28.21375
45143,4.823,28.214375
45144,4.798,28.215
45145,4.781,28.215625
45146,4.811,28.21625
45147,4.835,28.216875
45148,4.84,28.2175
45149,4.813,28.218125
45150,4.809,28.21875
45151,4.816,28.219375
45152,4.809,28.22
45153,4.796,28.220625
45154,4.815,28.22125
45155,4.879,28.221875
45156,4.879,28.2225
45157,4.908,28.223125
45158,4.94,28.22375
45159,4.91,28.224375
45160,4.954,28.225
45161,5.006,28.225625
45162,5.036,28.22625
45163,5.044,28.226875
45164,5.064,28.2275
45165,5.105,28.228125
45166,5.204,28.22875
45167,5.259,28.229375
45168,5.284,28.23
45169,5.277,28.230625
45170,5.299,28.23125
45171,5.344,28.231875
45172,5.41,28.2325
45173,5.489,28.233125
45174,5.564,28.23375
45175,5.621,28.234375
45176,5.634,28.235
45177,5.718,28.235625
45178,5.792,28.23625
45179,5.848,28.236875
45180,5.922,28.2375
45181,5.972,28.238125
45182,6.01,28.23875
45183,6.047,28.239375
45184,6.09,28.24
45185,6.153,28.240625
45186,6.237,28.24125
45187,6.295,28.241875
45188,6.395,28.2425
45189,6.493,28.243125
45190,6.493,28.24375
45191,6.521,28.244375
45192,6.555,28.245
45193,6.589,28.245625
45194,6.63,28.24625
45195,6.668,28.246875
45196,6.694,28.2475
45197,6.667,28.248125
45198,6.687,28.24875
45199,6.694,28.249375
45200,6.653,28.25
45201,6.694,28.250625
45202,6.67,28.25125
45203,6.604,28.251875
45204,6.607,28.2525
45205,6.585,28.253125
45206,6.551,28.25375
45207,6.511,28.254375
45208,6.482,28.255
45209,6.425,28.255625
45210,6.344,28.25625
45211,6.289,28.256875
45212,6.211,28.2575
45213,6.154,28.258125
45214,6.175,28.25875
45215,6.111,28.259375
45216,6.039,28.26
45217,5.973,28.260625
45218,5.921,28.26125
45219,5.888,28.261875
45220,5.857,28.2625
45221,5.802,28.263125
45222,5.716,28.26375
45223,5.651,28.264375
45224,5.62,28.265
45225,5.566,28.265625
45226,5.524,28.26625
45227,5.486,28.266875
45228,5.435,28.2675
45229,5.392,28.268125
45230,5.354,28.26875
45231,5.32,28.269375
45232,5.286,28.27
45233,5.236,28.270625
45234,5.176,28.27125
45235,5.122,28.271875
45236,5.114,28.2725
45237,5.099,28.273125
45238,5.045,28.27375
45239,5.003,28.274375
45240,4.972,28.275
45241,4.948,28.275625
45242,4.92,28.27625
45243,4.841,28.276875
45244,4.779,28.2775
45245,4.796,28.278125
45246,4.817,28.27875
45247,4.779,28.279375
45248,4.69,28.28
45249,4.659,28.280625
45250,4.671,28.28125
45251,4.683,28.281875
45252,4.649,28.2825
45253,4.615,28.283125
45254,4.583,28.28375
45255,4.558,28.284375
45256,4.629,28.285
45257,4.641,28.285625
45258,4.617,28.28625
45259,4.579,28.286875
45260,4.57,28.2875
45261,4.58,28.288125
45262,4.607,28.28875
45263,4.634,28.289375
45264,4.632,28.29
45265,4.635,28.290625
45266,4.731,28.29125
45267,4.737,28.291875
45268,4.759,28.2925
45269,4.844,28.293125
45270,4.906,28.29375
45271,4.973,28.294375
45272,5.038,28.295
45273,5.068,28.295625
45274,5.176,28.29625
45275,5.266,28.296875
45276,5.276,28.2975
45277,5.402,28.298125
45278,5.496,28.29875
45279,5.567,28.299375
45280,5.703,28.3
45281,5.783,28.300625
45282,5.848,28.30125
45283,5.93,28.301875
45284,5.971,28.3025
45285,6.002,28.303125
45286,6.032,28.30375
45287,6.124,28.304375
45288,6.218,28.305
45289,6.302,28.305625
45290,6.356,28.30625
45291,6.346,28.306875
45292,6.346,28.3075
45293,6.373,28.308125
45294,6.472,28.30875
45295,6.46,28.309375
45296,6.416,28.31
45297,6.478,28.310625
45298,6.55,28.31125
45299,6.589,28.311875
45300,6.579,28.3125
45301,6.576,28.313125
45302,6.595,28.31375
45303,6.615,28.314375
45304,6.578,28.315
45305,6.564,28.315625
45306,6.568,28.31625
45307,6.588,28.316875
45308,6.579,28.3175
45309,6.59,28.318125
45310,6.611,28.31875
45311,6.601,28.319375
45312,6.606,28.32
45313,6.607,28.320625
45314,6.59,28.32125
45315,6.541,28.321875
45316,6.526,28.3225
45317,6.536,28.323125
45318,6.495,28.32375
45319,6.452,28.324375
45320,6.421,28.325
45321,6.421,28.325625
45322,6.427,28.32625
45323,6.414,28.326875
45324,6.379,28.3275
45325,6.321,28.328125
45326,6.313,28.32875
45327,6.306,28.329375
45328,6.231,28.33
45329,6.177,28.330625
45330,6.147,28.33125
45331,6.142,28.331875
45332,6.112,28.3325
45333,6.152,28.333125
45334,6.183,28.33375
45335,6.037,28.334375
45336,6.043,28.335
45337,6.077,28.335625
45338,6.1,28.33625
45339,6.083,28.336875
45340,6.07,28.3375
45341,6.07,28.338125
45342,6.114,28.33875
45343,6.124,28.339375
45344,6.132,28.34
45345,6.152,28.340625
45346,6.166,28.34125
45347,6.168,28.341875
45348,6.173,28.3425
45349,6.244,28.343125
45350,6.353,28.34375
45351,6.448,28.344375
45352,6.485,28.345
45353,6.513,28.345625
45354,6.558,28.34625
45355,6.616,28.346875
45356,6.647,28.3475
45357,6.677,28.348125
45358,6.721,28.34875
45359,6.795,28.349375
45360,6.888,28.35
45361,6.974,28.350625
45362,7.049,28.35125
45363,7.124,28.351875
45364,7.203,28.3525
45365,7.278,28.353125
45366,7.336,28.35375
45367,7.386,28.354375
45368,7.415,28.355
45369,7.425,28.355625
45370,7.516,28.35625
45371,7.617,28.356875
45372,7.729,28.3575
45373,7.865,28.358125
45374,7.962,28.35875
45375,8.044,28.359375
45376,8.116,28.36
45377,8.221,28.360625
45378,8.306,28.36125
45379,8.379,28.361875
45380,8.461,28.3625
45381,8.53,28.363125
45382,8.643,28.36375
45383,8.844,28.364375
45384,8.957,28.365
45385,9.103,28.365625
45386,9.278,28.36625
45387,9.445,28.366875
45388,9.589,28.3675
45389,9.723,28.368125
45390,9.853,28.36875
45391,10.1,28.369375
45392,10.32,28.37
45393,10.499,28.370625
45394,10.632,28.37125
45395,10.786,28.371875
45396,10.988,28.3725
45397,11.291,28.373125
45398,11.398,28.37375
45399,11.52,28.374375
45400,11.694,28.375
45401,11.885,28.375625
45402,12.064,28.37625
45403,12.232,28.376875
45404,12.382,28.3775
45405,12.588,28.378125
45406,12.757,28.37875
45407,12.859,28.379375
45408,12.981,28.38
45409,13.104,28.380625
45410,13.222,28.38125
45411,13.324,28.381875
45412,13.386,28.3825
45413,13.433,28.383125
45414,13.474,28.38375
45415,13.558,28.384375
45416,13.62,28.385
45417,13.668,28.385625
45418,13.736,28.38625
45419,13.739,28.386875
45420,13.713,28.3875
45421,13.669,28.388125
45422,13.682,28.38875
45423,13.686,28.389375
45424,13.684,28.39
45425,13.711,28.390625
45426,13.672,28.39125
45427,13.62,28.391875
45428,13.597,28.3925
45429,13.567,28.393125
45430,13.508,28.39375
45431,13.428,28.394375
45432,13.441,28.395
45433,13.42,28.395625
45434,13.398,28.39625
45435,13.415,28.396875
45436,13.426,28.3975
45437,13.418,28.398125
45438,13.388,28.39875
45439,13.381,28.399375
45440,13.418,28.4
45441,13.459,28.400625
45442,13.436,28.40125
45443,13.473,28.401875
45444,13.502,28.4025
45445,13.499,28.403125
45446,13.509,28.40375
45447,13.537,28.404375
45448,13.587,28.405
45449,13.676,28.405625
45450,13.66,28.40625
45451,13.616,28.406875
45452,13.572,28.4075
45453,13.653,28.408125
45454,13.686,28.40875
45455,13.676,28.409375
45456,13.645,28.41
45457,13.64,28.410625
45458,13.636,28.41125
45459,13.619,28.411875
45460,13.625,28.4125
45461,13.638,28.413125
45462,13.648,28.41375
45463,13.569,28.414375
45464,13.597,28.415
45465,13.637,28.415625
45466,13.603,28.41625
45467,13.572,28.416875
45468,13.546,28.4175
45469,13.53,28.418125
45470,13.56,28.41875
45471,13.545,28.419375
45472,13.521,28.42
45473,13.535,28.420625
45474,13.49,28.42125
45475,13.438,28.421875
45476,13.39,28.4225
45477,13.424,28.423125
45478,13.468,28.42375
45479,13.495,28.424375
45480,13.433,28.425
45481,13.356,28.425625
45482,13.333,28.42625
45483,13.398,28.426875
45484,13.388,28.4275
45485,13.384,28.428125
45486,13.395,28.42875
45487,13.456,28.429375
45488,13.57,28.43
45489,13.667,28.430625
45490,13.708,28.43125
45491,13.866,28.431875
45492,14.014,28.4325
45493,14.146,28.433125
45494,14.255,28.43375
45495,14.394,28.434375
45496,14.567,28.435
45497,14.788,28.435625
45498,14.956,28.43625
45499,15.107,28.436875
45500,15.246,28.4375
45501,15.378,28.438125
45502,15.528,28.43875
45503,15.665,28.439375
45504,15.757,28.44
45505,15.843,28.440625
45506,15.933,28.44125
45507,16.022,28.441875
45508,16.022,28.4425
45509,15.982,28.443125
45510,15.912,28.44375
45511,15.817,28.444375
45512,15.73,28.445
45513,15.666,28.445625
45514,15.627,28.44625
45515,15.532,28.446875
45516,15.396,28.4475
45517,15.248,28.448125
45518,15.143,28.44875
45519,14.972,28.449375
45520,14.786,28.45
45521,14.602,28.450625
45522,14.439,28.45125
45523,14.297,28.451875
45524,14.162,28.4525
45525,13.986,28.453125
45526,13.809,28.45375
45527,13.646,28.454375
45528,13.51,28.455
45529,13.3,28.455625
45530,13.2,28.45625
45531,13.175,28.456875
45532,13.008,28.4575
45533,12.836,28.458125
45534,12.694,28.45875
45535,12.619,28.459375
45536,12.461,28.46
45537,12.375,28.460625
45538,12.36,28.46125
45539,12.268,28.461875
45540,12.178,28.4625
45541,12.098,28.463125
45542,12.036,28.46375
45543,12.002,28.464375
45544,11.941,28.465
45545,11.853,28.465625
45546,11.88,28.46625
45547,11.806,28.466875
45548,11.699,28.4675
45549,11.665,28.468125
45550,11.62,28.46875
45551,11.571,28.469375
45552,11.52,28.47
45553,11.438,28.470625
45554,11.356,28.47125
45555,11.271,28.471875
45556,11.173,28.4725
45557,11.158,28.473125
45558,11.134,28.47375
45559,11.063,28.474375
45560,11.021,28.475
45561,10.986,28.475625
45562,10.946,28.47625
45563,10.858,28.476875
45564,10.821,28.4775
45565,10.803,28.478125
45566,10.789,28.47875
45567,10.744,28.479375
45568,10.716,28.48
45569,10.698,28.480625
45570,10.627,28.48125
45571,10.565,28.481875
45572,10.52,28.4825
45573,10.503,28.483125
45574,10.483,28.48375
45575,10.469,28.484375
45576,10.46,28.485
45577,10.433,28.485625
45578,10.424,28.48625
45579,10.424,28.486875
45580,10.424,28.4875
45581,10.433,28.488125
45582,10.431,28.48875
45583,10.411,28.489375
45584,10.329,28.49
45585,10.311,28.490625
45586,10.311,28.49125
45587,10.253,28.491875
45588,10.29,28.4925
45589,10.291,28.493125
45590,10.214,28.49375
45591,10.234,28.494375
45592,10.208,28.495
45593,10.168,28.495625
45594,10.206,28.49625
45595,10.158,28.496875
45596,10.144,28.4975
45597,10.225,28.498125
45598,10.139,28.49875
45599,10.101,28.499375
45600,10.09,28.5
45601,9.998,28.500625
45602,9.969,28.50125
45603,9.95,28.501875
45604,9.906,28.5025
45605,9.899,28.503125
45606,9.894,28.50375
45607,9.882,28.504375
45608,9.831,28.505
45609,9.831,28.505625
45610,9.849,28.50625
45611,9.863,28.506875
45612,9.858,28.5075
45613,9.877,28.508125
45614,9.922,28.50875
45615,9.925,28.509375
45616,9.924,28.51
45617,9.902,28.510625
45618,9.827,28.51125
45619,9.854,28.511875
45620,9.821,28.5125
45621,9.695,28.513125
45622,9.658,28.51375
45623,9.548,28.514375
45624,9.424,28.515
45625,9.403,28.515625
45626,9.333,28.51625
45627,9.237,28.516875
45628,9.118,28.5175
45629,9.043,28.518125
45630,8.982,28.51875
45631,8.904,28.519375
45632,8.707,28.52
45633,8.573,28.520625
45634,8.446,28.52125
45635,8.3,28.521875
45636,8.098,28.5225
45637,7.933,28.523125
45638,7.803,28.52375
45639,7.687,28.524375
45640,7.539,28.525
45641,7.386,28.525625
45642,7.247,28.52625
45643,7.135,28.526875
45644,6.992,28.5275
45645,6.821,28.528125
45646,6.705,28.52875
45647,6.538,28.529375
45648,6.391,28.53
45649,6.354,28.530625
45650,6.212,28.53125
45651,6.079,28.531875
45652,5.973,28.5325
45653,5.854,28.533125
45654,5.782,28.53375
45655,5.744,28.534375
45656,5.738,28.535
45657,5.636,28.535625
45658,5.578,28.53625
45659,5.596,28.536875
45660,5.514,28.5375
45661,5.468,28.538125
45662,5.456,28.53875
45663,5.486,28.539375
45664,5.408,28.54
45665,5.294,28.540625
45666,5.168,28.54125
45667,5.147,28.541875
45668,5.136,28.5425
45669,5.132,28.543125
45670,5.125,28.54375
45671,5.092,28.544375
45672,5.033,28.545
45673,4.942,28.545625
45674,4.95,28.54625
45675,4.897,28.546875
45676,4.805,28.5475
45677,4.822,28.548125
45678,4.795,28.54875
45679,4.744,28.549375
45680,4.679,28.55
45681,4.683,28.550625
45682,4.627,28.55125
45683,4.519,28.551875
45684,4.553,28.5525
45685,4.559,28.553125
45686,4.572,28.55375
45687,4.636,28.554375
45688,4.6,28.555
45689,4.59,28.555625
45690,4.626,28.55625
45691,4.633,28.556875
45692,4.688,28.5575
45693,4.773,28.558125
45694,4.868,28.55875
45695,4.935,28.559375
45696,5.006,28.56
45697,5.092,28.560625
45698,5.201,28.56125
45699,5.297,28.561875
45700,5.39,28.5625
45701,5.502,28.563125
45702,5.62,28.56375
45703,5.757,28.564375
45704,5.924,28.565
45705,6.034,28.565625
45706,6.172,28.56625
45707,6.338,28.566875
45708,6.531,28.5675
45709,6.623,28.568125
45710,6.715,28.56875
45711,6.871,28.569375
45712,7.031,28.57
45713,7.196,28.570625
45714,7.356,28.57125
45715,7.441,28.571875
45716,7.533,28.5725
45717,7.662,28.573125
45718,7.866,28.57375
45719,7.966,28.574375
45720,8.084,28.575
45721,8.237,28.575625
45722,8.424,28.57625
45723,8.588,28.576875
45724,8.748,28.5775
45725,8.925,28.578125
45726,9.067,28.57875
45727,9.218,28.579375
45728,9.387,28.58
45729,9.54,28.580625
45730,9.667,28.58125
45731,9.776,28.581875
45732,9.871,28.5825
45733,9.975,28.583125
45734,10.097,28.58375
45735,10.243,28.584375
45736,10.4,28.585
45737,10.467,28.585625
45738,10.49,28.58625
45739,10.586,28.586875
45740,10.63,28.5875
45741,10.658,28.588125
45742,10.682,28.58875
45743,10.624,28.589375
45744,10.602,28.59
45745,10.608,28.590625
45746,10.584,28.59125
45747,10.55,28.591875
45748,10.518,28.5925
45749,10.498,28.593125
45750,10.443,28.59375
45751,10.374,28.594375
45752,10.29,28.595
45753,10.157,28.595625
45754,10.044,28.59625
45755,9.955,28.596875
45756,9.908,28.5975
45757,9.785,28.598125
45758,9.673,28.59875
45759,9.582,28.599375
45760,9.46,28.6
45761,9.371,28.600625
45762,9.291,28.60125
45763,9.186,28.601875
45764,9.037,28.6025
45765,8.906,28.603125
45766,8.807,28.60375
45767,8.688,28.604375
45768,8.532,28.605
45769,8.384,28.605625
45770,8.336,28.60625
45771,8.233,28.606875
45772,8.127,28.6075
45773,8.035,28.608125
45774,7.876,28.60875
45775,7.762,28.609375
45776,7.669,28.61
45777,7.522,28.610625
45778,7.387,28.61125
45779,7.265,28.611875
45780,7.163,28.6125
45781,7.068,28.613125
45782,6.97,28.61375
45783,6.87,28.614375
45784,6.758,28.615
45785,6.68,28.615625
45786,6.609,28.61625
45787,6.524,28.616875
45788,6.448,28.6175
45789,6.384,28.618125
45790,6.326,28.61875
45791,6.241,28.619375
45792,6.156,28.62
45793,6.079,28.620625
45794,6.021,28.62125
45795,6.005,28.621875
45796,5.971,28.6225
45797,5.912,28.623125
45798,5.888,28.62375
45799,5.885,28.624375
45800,5.861,28.625
45801,5.745,28.625625
45802,5.744,28.62625
45803,5.732,28.626875
45804,5.68,28.6275
45805,5.714,28.628125
45806,5.708,28.62875
45807,5.68,28.629375
45808,5.659,28.63
45809,5.661,28.630625
45810,5.659,28.63125
45811,5.646,28.631875
45812,5.642,28.6325
45813,5.676,28.633125
45814,5.717,28.63375
45815,5.655,28.634375
45816,5.7,28.635
45817,5.745,28.635625
45818,5.728,28.63625
45819,5.782,28.636875
45820,5.834,28.6375
45821,5.891,28.638125
45822,6.006,28.63875
45823,6.046,28.639375
45824,6.043,28.64
45825,6.012,28.640625
45826,6.028,28.64125
45827,6.064,28.641875
45828,6.122,28.6425
45829,6.255,28.643125
45830,6.283,28.64375
45831,6.288,28.644375
45832,6.359,28.645
45833,6.342,28.645625
45834,6.369,28.64625
45835,6.458,28.646875
45836,6.438,28.6475
45837,6.418,28.648125
45838,6.404,28.64875
45839,6.411,28.649375
45840,6.482,28.65
45841,6.549,28.650625
45842,6.589,28.65125
45843,6.613,28.651875
45844,6.649,28.6525
45845,6.689,28.653125
45846,6.709,28.65375
45847,6.81,28.654375
45848,6.905,28.655
45849,6.956,28.655625
45850,6.971,28.65625
45851,7.033,28.656875
45852,7.121,28.6575
45853,7.155,28.658125
45854,7.245,28.65875
45855,7.332,28.659375
45856,7.376,28.66
45857,7.433,28.660625
45858,7.493,28.66125
45859,7.551,28.661875
45860,7.585,28.6625
45861,7.616,28.663125
45862,7.678,28.66375
45863,7.811,28.664375
45864,7.87,28.665
45865,7.939,28.665625
45866,8.023,28.66625
45867,8.054,28.666875
45868,8.135,28.6675
45869,8.222,28.668125
45870,8.26,28.66875
45871,8.335,28.669375
45872,8.41,28.67
45873,8.476,28.670625
45874,8.493,28.67125
45875,8.601,28.671875
45876,8.719,28.6725
45877,8.695,28.673125
45878,8.8,28.67375
45879,8.899,28.674375
45880,8.95,28.675
45881,8.984,28.675625
45882,9.068,28.67625
45883,9.175,28.676875
45884,9.23,28.6775
45885,9.3,28.678125
45886,9.374,28.67875
45887,9.445,28.679375
45888,9.536,28.68
45889,9.649,28.680625
45890,9.768,28.68125
45891,9.833,28.681875
45892,9.91,28.6825
45893,9.984,28.683125
45894,10.042,28.68375
45895,10.078,28.684375
45896,10.143,28.685
45897,10.244,28.685625
45898,10.383,28.68625
45899,10.41,28.686875
45900,10.449,28.6875
45901,10.629,28.688125
45902,10.704,28.68875
45903,10.736,28.689375
45904,10.737,28.69
45905,10.761,28.690625
45906,10.862,28.69125
45907,10.97,28.691875
45908,10.987,28.6925
45909,10.966,28.693125
45910,10.944,28.69375
45911,10.929,28.694375
45912,10.976,28.695
45913,10.952,28.695625
45914,10.924,28.69625
45915,11.043,28.696875
45916,11.022,28.6975
45917,10.951,28.698125
45918,10.856,28.69875
45919,10.903,28.699375
45920,10.92,28.7
45921,10.901,28.700625
45922,10.805,28.70125
45923,10.781,28.701875
45924,10.755,28.7025
45925,10.691,28.703125
45926,10.623,28.70375
45927,10.521,28.704375
45928,10.41,28.705
45929,10.414,28.705625
45930,10.362,28.70625
45931,10.297,28.706875
45932,10.242,28.7075
45933,10.188,28.708125
45934,10.09,28.70875
45935,9.961,28.709375
45936,9.923,28.71
45937,9.848,28.710625
45938,9.778,28.71125
45939,9.761,28.711875
45940,9.723,28.7125
45941,9.628,28.713125
45942,9.475,28.71375
45943,9.383,28.714375
45944,9.258,28.715
45945,9.14,28.715625
45946,9.096,28.71625
45947,8.954,28.716875
45948,8.812,28.7175
45949,8.69,28.718125
45950,8.466,28.71875
45951,8.285,28.719375
45952,8.12,28.72
45953,7.905,28.720625
45954,7.71,28.72125
45955,7.525,28.721875
45956,7.348,28.7225
45957,7.121,28.723125
45958,6.917,28.72375
45959,6.726,28.724375
45960,6.515,28.725
45961,6.319,28.725625
45962,6.136,28.72625
45963,5.966,28.726875
45964,5.767,28.7275
45965,5.632,28.728125
45966,5.54,28.72875
45967,5.353,28.729375
45968,5.242,28.73
45969,5.186,28.730625
45970,5.186,28.73125
45971,5.087,28.731875
45972,5.031,28.7325
45973,5.029,28.733125
45974,5.043,28.73375
45975,5.084,28.734375
45976,5.138,28.735
45977,5.189,28.735625
45978,5.26,28.73625
45979,5.381,28.736875
45980,5.548,28.7375
45981,5.609,28.738125
45982,5.734,28.73875
45983,5.897,28.739375
45984,6.067,28.74
45985,6.152,28.740625
45986,6.279,28.74125
45987,6.484,28.741875
45988,6.552,28.7425
45989,6.645,28.743125
45990,6.751,28.74375
45991,6.843,28.744375
45992,6.934,28.745
45993,7.022,28.745625
45994,7.104,28.74625
45995,7.222,28.746875
45996,7.26,28.7475
45997,7.253,28.748125
45998,7.331,28.74875
45999,7.391,28.749375
46000,7.44,28.75
46001,7.477,28.750625
46002,7.559,28.75125
46003,7.605,28.751875
46004,7.624,28.7525
46005,7.713,28.753125
46006,7.787,28.75375
46007,7.854,28.754375
46008,7.918,28.755
46009,7.986,28.755625
46010,8.069,28.75625
46011,8.172,28.756875
46012,8.332,28.7575
46013,8.366,28.758125
46014,8.376,28.75875
46015,8.488,28.759375
46016,8.56,28.76
46017,8.633,28.760625
46018,8.715,28.76125
46019,8.711,28.761875
46020,8.747,28.7625
46021,8.798,28.763125
46022,8.825,28.76375
46023,8.835,28.764375
46024,8.853,28.765
46025,8.887,28.765625
46026,8.901,28.76625
46027,8.862,28.766875
46028,8.788,28.7675
46029,8.716,28.768125
46030,8.708,28.76875
46031,8.711,28.769375
46032,8.701,28.77
46033,8.707,28.770625
46034,8.691,28.77125
46035,8.658,28.771875
46036,8.631,28.7725
46037,8.621,28.773125
46038,8.62,28.77375
46039,8.624,28.774375
46040,8.555,28.775
46041,8.499,28.775625
46042,8.464,28.77625
46043,8.443,28.776875
46044,8.406,28.7775
46045,8.361,28.778125
46046,8.313,28.77875
46047,8.235,28.779375
46048,8.102,28.78
46049,7.926,28.780625
46050,7.939,28.78125
46051,7.878,28.781875
46052,7.778,28.7825
46053,7.673,28.783125
46054,7.544,28.78375
46055,7.397,28.784375
46056,7.231,28.785
46057,7.091,28.785625
46058,6.958,28.78625
46059,6.829,28.786875
46060,6.7,28.7875
46061,6.502,28.788125
46062,6.302,28.78875
46063,6.125,28.789375
46064,6.009,28.79
46065,5.894,28.790625
46066,5.791,28.79125
46067,5.751,28.791875
46068,5.673,28.7925
46069,5.598,28.793125
46070,5.547,28.79375
46071,5.551,28.794375
46072,5.53,28.795
46073,5.495,28.795625
46074,5.512,28.79625
46075,5.526,28.796875
46076,5.536,28.7975
46077,5.54,28.798125
46078,5.624,28.79875
46079,5.688,28.799375
46080,5.726,28.8
46081,5.763,28.800625
46082,5.803,28.80125
46083,5.862,28.801875
46084,5.968,28.8025
46085,6.109,28.803125
46086,6.233,28.80375
46087,6.328,28.804375
46088,6.369,28.805
46089,6.474,28.805625
46090,6.609,28.80625
46091,6.732,28.806875
46092,6.831,28.8075
46093,6.919,28.808125
46094,6.998,28.80875
46095,7.083,28.809375
46096,7.187,28.81
46097,7.283,28.810625
46098,7.307,28.81125
46099,7.355,28.811875
46100,7.391,28.8125
46101,7.398,28.813125
46102,7.408,28.81375
46103,7.448,28.814375
46104,7.481,28.815
46105,7.375,28.815625
46106,7.342,28.81625
46107,7.337,28.816875
46108,7.34,28.8175
46109,7.215,28.818125
46110,7.114,28.81875
46111,7.041,28.819375
46112,6.979,28.82
46113,6.879,28.820625
46114,6.781,28.82125
46115,6.724,28.821875
46116,6.613,28.8225
46117,6.516,28.823125
46118,6.434,28.82375
46119,6.315,28.824375
46120,6.236,28.825
46121,6.175,28.825625
46122,6.113,28.82625
46123,5.964,28.826875
46124,5.871,28.8275
46125,5.854,28.828125
46126,5.722,28.82875
46127,5.587,28.829375
46128,5.471,28.83
46129,5.424,28.830625
46130,5.373,28.83125
46131,5.304,28.831875
46132,5.208,28.8325
46133,5.089,28.833125
46134,5.026,28.83375
46135,4.984,28.834375
46136,4.886,28.835
46137,4.817,28.835625
46138,4.726,28.83625
46139,4.586,28.836875
46140,4.543,28.8375
46141,4.454,28.838125
46142,4.333,28.83875
46143,4.241,28.839375
46144,4.15,28.84
46145,4.051,28.840625
46146,3.939,28.84125
46147,3.852,28.841875
46148,3.713,28.8425
46149,3.534,28.843125
46150,3.415,28.84375
46151,3.279,28.844375
46152,3.145,28.845
46153,3.033,28.845625
46154,2.945,28.84625
46155,2.844,28.846875
46156,2.731,28.8475
46157,2.694,28.848125
46158,2.581,28.84875
46159,2.444,28.849375
46160,2.342,28.85
46161,2.269,28.850625
46162,2.204,28.85125
46163,2.139,28.851875
46164,1.993,28.8525
46165,1.918,28.853125
46166,1.884,28.85375
46167,1.854,28.854375
46168,1.723,28.855
46169,1.612,28.855625
46170,1.561,28.85625
46171,1.442,28.856875
46172,1.319,28.8575
46173,1.176,28.858125
46174,0.962,28.85875
46175,0.864,28.859375
46176,0.773,28.86
46177,0.637,28.860625
46178,0.524,28.86125
46179,0.406,28.861875
46180,0.28,28.8625
46181,0.138,28.863125
46182,0.09,28.86375
46183,0.061,28.864375
46184,-0.0,28.865
46185,-0.096,28.865625
46186,-0.124,28.86625
46187,-0.083,28.866875
46188,-0.012,28.8675
46189,0.057,28.868125
46190,0.096,28.86875
46191,0.066,28.869375
46192,0.095,28.87
46193,0.147,28.870625
46194,0.22,28.87125
46195,0.349,28.871875
46196,0.449,28.8725
46197,0.535,28.873125
46198,0.623,28.87375
46199,0.674,28.874375
46200,0.759,28.875
46201,0.895,28.875625
46202,1.035,28.87625
46203,1.091,28.876875
46204,1.097,28.8775
46205,1.101,28.878125
46206,1.145,28.87875
46207,1.212,28.879375
46208,1.297,28.88
46209,1.304,28.880625
46210,1.303,28.88125
46211,1.299,28.881875
46212,1.31,28.8825
46213,1.268,28.883125
46214,1.237,28.88375
46215,1.254,28.884375
46216,1.264,28.885
46217,1.248,28.885625
46218,1.197,28.88625
46219,1.057,28.886875
46220,1.035,28.8875
46221,1.042,28.888125
46222,1.022,28.88875
46223,0.861,28.889375
46224,0.774,28.89
46225,0.755,28.890625
46226,0.599,28.89125
46227,0.527,28.891875
46228,0.463,28.8925
46229,0.324,28.893125
46230,0.25,28.89375
46231,0.211,28.894375
46232,0.196,28.895
46233,0.115,28.895625
46234,0.035,28.89625
46235,-0.011,28.896875
46236,0.04,28.8975
46237,-0.023,28.898125
46238,-0.12,28.89875
46239,-0.23,28.899375
46240,-0.254,28.9
46241,-0.259,28.900625
46242,-0.249,28.90125
46243,-0.225,28.901875
46244,-0.169,28.9025
46245,-0.145,28.903125
46246,-0.186,28.90375
46247,-0.12,28.904375
46248,-0.095,28.905
46249,-0.086,28.905625
46250,0.003,28.90625
46251,0.083,28.906875
46252,0.168,28.9075
46253,0.263,28.908125
46254,0.387,28.90875
46255,0.48,28.909375
46256,0.551,28.91
46257,0.663,28.910625
46258,0.758,28.91125
46259,0.857,28.911875
46260,0.98,28.9125
46261,1.108,28.913125
46262,1.182,28.91375
46263,1.195,28.914375
46264,1.171,28.915
46265,1.203,28.915625
46266,1.246,28.91625
46267,1.249,28.916875
46268,1.262,28.9175
46269,1.23,28.918125
46270,1.146,28.91875
46271,1.088,28.919375
46272,0.983,28.92
46273,0.836,28.920625
46274,0.646,28.92125
46275,0.478,28.921875
46276,0.247,28.9225
46277,-0.075,28.923125
46278,-0.347,28.92375
46279,-0.65,28.924375
46280,-0.968,28.925
46281,-1.264,28.925625
46282,-1.654,28.92625
46283,-2.032,28.926875
46284,-2.352,28.9275
46285,-2.695,28.928125
46286,-3.021,28.92875
46287,-3.337,28.929375
46288,-3.671,28.93
46289,-4.06,28.930625
46290,-4.41,28.93125
46291,-4.648,28.931875
46292,-4.855,28.9325
46293,-5.08,28.933125
46294,-5.336,28.93375
46295,-5.676,28.934375
46296,-5.983,28.935
46297,-6.279,28.935625
46298,-6.585,28.93625
46299,-6.91,28.936875
46300,-7.306,28.9375
46301,-7.781,28.938125
46302,-8.318,28.93875
46303,-8.796,28.939375
46304,-9.261,28.94
46305,-9.767,28.940625
46306,-10.347,28.94125
46307,-10.937,28.941875
46308,-11.525,28.9425
46309,-12.107,28.943125
46310,-12.702,28.94375
46311,-13.303,28.944375
46312,-13.902,28.945
46313,-14.511,28.945625
46314,-15.101,28.94625
46315,-15.659,28.946875
46316,-16.159,28.9475
46317,-16.586,28.948125
46318,-16.973,28.94875
46319,-17.402,28.949375
46320,-17.727,28.95
46321,-18.014,28.950625
46322,-18.286,28.95125
46323,-18.477,28.951875
46324,-18.634,28.9525
46325,-18.766,28.953125
46326,-18.899,28.95375
46327,-19.291,28.954375
46328,-19.75,28.955
46329,-20.161,28.955625
46330,-20.224,28.95625
46331,-20.083,28.956875
46332,-19.776,28.9575
46333,-19.466,28.958125
46334,-19.038,28.95875
46335,-18.528,28.959375
46336,-17.947,28.96
46337,-17.672,28.960625
46338,-17.514,28.96125
46339,-17.437,28.961875
46340,-17.335,28.9625
46341,-17.208,28.963125
46342,-17.107,28.96375
46343,-17.117,28.964375
46344,-17.035,28.965
46345,-16.893,28.965625
46346,-16.695,28.96625
46347,-16.481,28.966875
46348,-16.316,28.9675
46349,-16.224,28.968125
46350,-16.296,28.96875
46351,-16.351,28.969375
46352,-16.404,28.97
46353,-16.462,28.970625
46354,-16.29,28.97125
46355,-16.069,28.971875
46356,-15.797,28.9725
46357,-15.447,28.973125
46358,-15.144,28.97375
46359,-14.852,28.974375
46360,-14.556,28.975
46361,-14.29,28.975625
46362,-14.019,28.97625
46363,-13.759,28.976875
46364,-13.595,28.9775
46365,-13.742,28.978125
46366,-13.986,28.97875
46367,-14.19,28.979375
46368,-14.002,28.98
46369,-13.834,28.980625
46370,-13.746,28.98125
46371,-13.875,28.981875
46372,-14.075,28.9825
46373,-14.321,28.983125
46374,-14.603,28.98375
46375,-14.844,28.984375
46376,-15.077,28.985
46377,-15.308,28.985625
46378,-15.532,28.98625
46379,-15.714,28.986875
46380,-15.879,28.9875
46381,-16.06,28.988125
46382,-16.211,28.98875
46383,-16.363,28.989375
46384,-16.523,28.99
46385,-16.68,28.990625
46386,-16.876,28.99125
46387,-17.11,28.991875
46388,-17.396,28.9925
46389,-17.63,28.993125
46390,-17.892,28.99375
46391,-18.219,28.994375
46392,-18.615,28.995
46393,-18.961,28.995625
46394,-19.281,28.99625
46395,-19.672,28.996875
46396,-20.12,28.9975
46397,-20.58,28.998125
46398,-21.029,28.99875
46399,-21.382,28.999375
46400,-21.778,29.0
46401,-22.221,29.000625
46402,-22.69,29.00125
46403,-23.098,29.001875
46404,-23.485,29.0025
46405,-23.876,29.003125
46406,-24.298,29.00375
46407,-24.578,29.004375
46408,-24.728,29.005
46409,-25.058,29.005625
46410,-25.246,29.00625
46411,-25.385,29.006875
46412,-25.565,29.0075
46413,-25.728,29.008125
46414,-25.863,29.00875
46415,-25.967,29.009375
46416,-26.048,29.01
46417,-25.975,29.010625
46418,-25.792,29.01125
46419,-25.534,29.011875
46420,-25.475,29.0125
46421,-25.455,29.013125
46422,-25.43,29.01375
46423,-25.318,29.014375
46424,-25.146,29.015
46425,-24.899,29.015625
46426,-24.505,29.01625
46427,-24.115,29.016875
46428,-23.657,29.0175
46429,-23.082,29.018125
46430,-22.527,29.01875
46431,-21.969,29.019375
46432,-21.434,29.02
46433,-21.043,29.020625
46434,-20.532,29.02125
46435,-20.054,29.021875
46436,-19.717,29.0225
46437,-19.276,29.023125
46438,-18.879,29.02375
46439,-18.534,29.024375
46440,-18.235,29.025
46441,-17.812,29.025625
46442,-17.365,29.02625
46443,-16.978,29.026875
46444,-16.468,29.0275
46445,-15.963,29.028125
46446,-15.476,29.02875
46447,-14.986,29.029375
46448,-14.483,29.03
46449,-13.989,29.030625
46450,-13.544,29.03125
46451,-13.063,29.031875
46452,-12.591,29.0325
46453,-12.134,29.033125
46454,-11.654,29.03375
46455,-11.16,29.034375
46456,-10.653,29.035
46457,-10.136,29.035625
46458,-9.605,29.03625
46459,-9.092,29.036875
46460,-8.609,29.0375
46461,-8.0,29.038125
46462,-7.462,29.03875
46463,-6.965,29.039375
46464,-6.434,29.04
46465,-5.932,29.040625
46466,-5.443,29.04125
46467,-4.96,29.041875
46468,-4.444,29.0425
46469,-3.965,29.043125
46470,-3.502,29.04375
46471,-2.958,29.044375
46472,-2.476,29.045
46473,-2.017,29.045625
46474,-1.558,29.04625
46475,-1.099,29.046875
46476,-0.713,29.0475
46477,-0.393,29.048125
46478,-0.043,29.04875
46479,0.274,29.049375
46480,0.594,29.05
46481,0.954,29.050625
46482,1.149,29.05125
46483,1.375,29.051875
46484,1.649,29.0525
46485,1.816,29.053125
46486,1.976,29.05375
46487,2.131,29.054375
46488,2.284,29.055
46489,2.446,29.055625
46490,2.58,29.05625
46491,2.675,29.056875
46492,2.795,29.0575
46493,2.924,29.058125
46494,3.054,29.05875
46495,3.159,29.059375
46496,3.276,29.06
46497,3.39,29.060625
46498,3.499,29.06125
46499,3.669,29.061875
46500,3.803,29.0625
46501,3.896,29.063125
46502,3.913,29.06375
46503,4.034,29.064375
46504,4.136,29.065
46505,4.146,29.065625
46506,4.076,29.06625
46507,3.967,29.066875
46508,3.833,29.0675
46509,3.707,29.068125
46510,3.569,29.06875
46511,3.4,29.069375
46512,3.175,29.07
46513,3.038,29.070625
46514,2.834,29.07125
46515,2.55,29.071875
46516,2.179,29.0725
46517,1.864,29.073125
46518,1.529,29.07375
46519,1.077,29.074375
46520,0.657,29.075
46521,0.226,29.075625
46522,-0.227,29.07625
46523,-0.744,29.076875
46524,-1.225,29.0775
46525,-1.668,29.078125
46526,-2.049,29.07875
46527,-2.47,29.079375
46528,-2.919,29.08
46529,-3.392,29.080625
46530,-3.701,29.08125
46531,-3.961,29.081875
46532,-4.189,29.0825
46533,-4.421,29.083125
46534,-4.503,29.08375
46535,-4.555,29.084375
46536,-4.62,29.085
46537,-4.527,29.085625
46538,-4.358,29.08625
46539,-4.152,29.086875
46540,-4.036,29.0875
46541,-3.851,29.088125
46542,-3.668,29.08875
46543,-3.532,29.089375
46544,-3.306,29.09
46545,-3.104,29.090625
46546,-2.929,29.09125
46547,-2.762,29.091875
46548,-2.605,29.0925
46549,-2.456,29.093125
46550,-2.317,29.09375
46551,-2.14,29.094375
46552,-1.872,29.095
46553,-1.534,29.095625
46554,-1.384,29.09625
46555,-1.024,29.096875
46556,-0.592,29.0975
46557,-0.235,29.098125
46558,0.181,29.09875
46559,0.635,29.099375
46560,1.123,29.1
46561,1.565,29.100625
46562,1.983,29.10125
46563,2.406,29.101875
46564,2.885,29.1025
46565,3.303,29.103125
46566,3.783,29.10375
46567,4.367,29.104375
46568,4.853,29.105
46569,5.33,29.105625
46570,5.815,29.10625
46571,6.366,29.106875
46572,6.853,29.1075
46573,7.314,29.108125
46574,7.763,29.10875
46575,8.173,29.109375
46576,8.556,29.11
46577,8.928,29.110625
46578,9.347,29.11125
46579,9.78,29.111875
46580,10.201,29.1125
46581,10.585,29.113125
46582,10.877,29.11375
46583,11.302,29.114375
46584,11.833,29.115
46585,12.211,29.115625
46586,12.598,29.11625
46587,12.975,29.116875
46588,13.318,29.1175
46589,13.592,29.118125
46590,13.912,29.11875
46591,14.284,29.119375
46592,14.601,29.12
46593,14.84,29.120625
46594,15.052,29.12125
46595,15.297,29.121875
46596,15.504,29.1225
46597,15.673,29.123125
46598,15.803,29.12375
46599,15.959,29.124375
46600,15.987,29.125
46601,15.979,29.125625
46602,16.108,29.12625
46603,16.243,29.126875
46604,16.343,29.1275
46605,16.391,29.128125
46606,16.612,29.12875
46607,16.867,29.129375
46608,17.157,29.13
46609,17.493,29.130625
46610,17.817,29.13125
46611,18.102,29.131875
46612,18.326,29.1325
46613,18.583,29.133125
46614,18.716,29.13375
46615,18.746,29.134375
46616,18.777,29.135
46617,18.775,29.135625
46618,18.716,29.13625
46619,18.567,29.136875
46620,18.448,29.1375
46621,18.331,29.138125
46622,18.198,29.13875
46623,17.946,29.139375
46624,17.804,29.14
46625,17.706,29.140625
46626,17.6,29.14125
46627,17.603,29.141875
46628,17.554,29.1425
46629,17.433,29.143125
46630,17.334,29.14375
46631,17.298,29.144375
46632,17.272,29.145
46633,17.176,29.145625
46634,17.136,29.14625
46635,17.077,29.146875
46636,16.983,29.1475
46637,16.928,29.148125
46638,16.781,29.14875
46639,16.713,29.149375
46640,17.149,29.15
46641,20.292,29.150625
46642,21.309,29.15125
46643,18.122,29.151875
46644,9.254,29.1525
46645,4.916,29.153125
46646,4.299,29.15375
46647,5.717,29.154375
46648,5.701,29.155
46649,5.649,29.155625
46650,6.312,29.15625
46651,5.193,29.156875
46652,2.57,29.1575
46653,-0.909,29.158125
46654,-2.28,29.15875
46655,-2.908,29.159375
46656,-3.243,29.16
46657,-3.546,29.160625
46658,-3.2,29.16125
46659,-2.471,29.161875
46660,-1.366,29.1625
46661,0.304,29.163125
46662,2.827,29.16375
46663,6.041,29.164375
46664,10.034,29.165
46665,13.959,29.165625
46666,16.7,29.16625
46667,18.187,29.166875
46668,21.177,29.1675
46669,28.123,29.168125
46670,38.06,29.16875
46671,50.693,29.169375
46672,61.458,29.17
46673,69.792,29.170625
46674,75.296,29.17125
46675,77.494,29.171875
46676,78.1,29.1725
46677,77.242,29.173125
46678,74.61,29.17375
46679,70.326,29.174375
46680,65.035,29.175
46681,58.824,29.175625
46682,52.763,29.17625
46683,47.126,29.176875
46684,41.957,29.1775
46685,37.573,29.178125
46686,34.01,29.17875
46687,31.059,29.179375
46688,28.76,29.18
46689,27.424,29.180625
46690,25.888,29.18125
46691,24.238,29.181875
46692,23.391,29.1825
46693,22.852,29.183125
46694,22.434,29.18375
46695,22.019,29.184375
46696,21.607,29.185
46697,21.256,29.185625
46698,20.967,29.18625
46699,20.674,29.186875
46700,20.329,29.1875
46701,19.89,29.188125
46702,19.267,29.18875
46703,18.342,29.189375
46704,17.368,29.19
46705,16.39,29.190625
46706,15.38,29.19125
46707,14.42,29.191875
46708,13.431,29.1925
46709,12.254,29.193125
46710,11.119,29.19375
46711,9.927,29.194375
46712,8.64,29.195
46713,7.276,29.195625
46714,5.955,29.19625
46715,4.713,29.196875
46716,3.683,29.1975
46717,2.687,29.198125
46718,1.762,29.19875
46719,0.939,29.199375
46720,0.37,29.2
46721,-0.218,29.200625
46722,-0.793,29.20125
46723,-1.184,29.201875
46724,-1.669,29.2025
46725,-2.197,29.203125
46726,-2.744,29.20375
46727,-3.21,29.204375
46728,-3.615,29.205
46729,-3.995,29.205625
46730,-4.55,29.20625
46731,-4.955,29.206875
46732,-5.225,29.2075
46733,-5.324,29.208125
46734,-5.343,29.20875
46735,-5.354,29.209375
46736,-5.355,29.21
46737,-5.257,29.210625
46738,-5.108,29.21125
46739,-4.926,29.211875
46740,-4.718,29.2125
46741,-4.508,29.213125
46742,-4.271,29.21375
46743,-4.002,29.214375
46744,-3.727,29.215
46745,-3.421,29.215625
46746,-3.043,29.21625
46747,-2.471,29.216875
46748,-1.795,29.2175
46749,-1.134,29.218125
46750,-0.532,29.21875
46751,0.101,29.219375
46752,0.776,29.22
46753,1.48,29.220625
46754,2.184,29.22125
46755,2.751,29.221875
46756,3.179,29.2225
46757,3.437,29.223125
46758,3.693,29.22375
46759,3.927,29.224375
46760,4.137,29.225
46761,4.3,29.225625
46762,4.446,29.22625
46763,4.6,29.226875
46764,4.784,29.2275
46765,4.952,29.228125
46766,5.185,29.22875
46767,5.484,29.229375
46768,5.814,29.23
46769,6.158,29.230625
46770,6.536,29.23125
46771,6.982,29.231875
46772,7.382,29.2325
46773,7.748,29.233125
46774,8.091,29.23375
46775,8.571,29.234375
46776,9.084,29.235
46777,9.599,29.235625
46778,10.068,29.23625
46779,10.592,29.236875
46780,11.095,29.2375
46781,11.557,29.238125
46782,11.982,29.23875
46783,12.426,29.239375
46784,12.866,29.24
46785,13.247,29.240625
46786,13.557,29.24125
46787,13.849,29.241875
46788,14.142,29.2425
46789,14.273,29.243125
46790,14.412,29.24375
46791,14.526,29.244375
46792,14.489,29.245
46793,14.313,29.245625
46794,14.088,29.24625
46795,13.85,29.246875
46796,13.486,29.2475
46797,13.167,29.248125
46798,12.84,29.24875
46799,12.184,29.249375
46800,11.639,29.25
46801,11.164,29.250625
46802,10.753,29.25125
46803,10.357,29.251875
46804,9.945,29.2525
46805,9.525,29.253125
46806,9.185,29.25375
46807,8.924,29.254375
46808,8.729,29.255
46809,8.61,29.255625
46810,8.503,29.25625
46811,8.374,29.256875
46812,8.22,29.2575
46813,8.104,29.258125
46814,8.053,29.25875
46815,8.0,29.259375
46816,7.837,29.26
46817,7.722,29.260625
46818,7.621,29.26125
46819,7.526,29.261875
46820,7.451,29.2625
46821,7.314,29.263125
46822,7.134,29.26375
46823,6.944,29.264375
46824,6.81,29.265
46825,6.743,29.265625
46826,6.756,29.26625
46827,6.647,29.266875
46828,6.548,29.2675
46829,6.469,29.268125
46830,6.442,29.26875
46831,6.59,29.269375
46832,6.78,29.27
46833,6.943,29.270625
46834,7.058,29.27125
46835,7.183,29.271875
46836,7.311,29.2725
46837,7.383,29.273125
46838,7.539,29.27375
46839,7.747,29.274375
46840,7.992,29.275
46841,8.218,29.275625
46842,8.493,29.27625
46843,8.818,29.276875
46844,9.124,29.2775
46845,9.395,29.278125
46846,9.671,29.27875
46847,10.001,29.279375
46848,10.354,29.28
46849,10.7,29.280625
46850,11.036,29.28125
46851,11.424,29.281875
46852,11.762,29.2825
46853,12.071,29.283125
46854,12.377,29.28375
46855,12.73,29.284375
46856,13.072,29.285
46857,13.381,29.285625
46858,13.629,29.28625
46859,13.875,29.286875
46860,14.095,29.2875
46861,14.207,29.288125
46862,14.402,29.28875
46863,14.615,29.289375
46864,14.819,29.29
46865,14.907,29.290625
46866,14.945,29.29125
46867,14.943,29.291875
46868,14.933,29.2925
46869,14.791,29.293125
46870,14.594,29.29375
46871,14.38,29.294375
46872,14.254,29.295
46873,14.13,29.295625
46874,13.989,29.29625
46875,13.754,29.296875
46876,13.543,29.2975
46877,13.339,29.298125
46878,13.124,29.29875
46879,12.922,29.299375
46880,12.726,29.3
46881,12.526,29.300625
46882,12.21,29.30125
46883,12.003,29.301875
46884,11.826,29.3025
46885,11.581,29.303125
46886,11.339,29.30375
46887,11.107,29.304375
46888,10.888,29.305
46889,10.745,29.305625
46890,10.588,29.30625
46891,10.417,29.306875
46892,10.234,29.3075
46893,10.036,29.308125
46894,9.867,29.30875
46895,9.745,29.309375
46896,9.52,29.31
46897,9.342,29.310625
46898,9.183,29.31125
46899,8.969,29.311875
46900,8.781,29.3125
46901,8.587,29.313125
46902,8.369,29.31375
46903,8.073,29.314375
46904,7.81,29.315
46905,7.57,29.315625
46906,7.298,29.31625
46907,7.075,29.316875
46908,6.827,29.3175
46909,6.487,29.318125
46910,6.265,29.31875
46911,6.035,29.319375
46912,5.786,29.32
46913,5.531,29.320625
46914,5.269,29.32125
46915,5.026,29.321875
46916,4.839,29.3225
46917,4.661,29.323125
46918,4.46,29.32375
46919,4.226,29.324375
46920,3.91,29.325
46921,3.674,29.325625
46922,3.508,29.32625
46923,3.423,29.326875
46924,3.272,29.3275
46925,3.159,29.328125
46926,3.107,29.32875
46927,2.91,29.329375
46928,2.786,29.33
46929,2.679,29.330625
46930,2.461,29.33125
46931,2.448,29.331875
46932,2.429,29.3325
46933,2.324,29.333125
46934,2.265,29.33375
46935,2.29,29.334375
46936,2.357,29.335
46937,2.337,29.335625
46938,2.348,29.33625
46939,2.395,29.336875
46940,2.49,29.3375
46941,2.695,29.338125
46942,2.887,29.33875
46943,3.062,29.339375
46944,3.226,29.34
46945,3.315,29.340625
46946,3.409,29.34125
46947,3.572,29.341875
46948,3.67,29.3425
46949,3.774,29.343125
46950,3.892,29.34375
46951,4.031,29.344375
46952,4.22,29.345
46953,4.378,29.345625
46954,4.402,29.34625
46955,4.515,29.346875
46956,4.665,29.3475
46957,4.841,29.348125
46958,5.011,29.34875
46959,5.19,29.349375
46960,5.347,29.35
46961,5.418,29.350625
46962,5.56,29.35125
46963,5.74,29.351875
46964,5.95,29.3525
46965,6.093,29.353125
46966,6.196,29.35375
46967,6.284,29.354375
46968,6.41,29.355
46969,6.498,29.355625
46970,6.604,29.35625
46971,6.753,29.356875
46972,6.89,29.3575
46973,6.977,29.358125
46974,7.032,29.35875
46975,7.107,29.359375
46976,7.151,29.36
46977,7.206,29.360625
46978,7.301,29.36125
46979,7.387,29.361875
46980,7.387,29.3625
46981,7.331,29.363125
46982,7.409,29.36375
46983,7.449,29.364375
46984,7.471,29.365
46985,7.492,29.365625
46986,7.485,29.36625
46987,7.463,29.366875
46988,7.424,29.3675
46989,7.328,29.368125
46990,7.279,29.36875
46991,7.256,29.369375
46992,7.246,29.37
46993,7.172,29.370625
46994,7.087,29.37125
46995,7.002,29.371875
46996,6.938,29.3725
46997,6.901,29.373125
46998,6.859,29.37375
46999,6.743,29.374375
47000,6.67,29.375
47001,6.602,29.375625
47002,6.531,29.37625
47003,6.415,29.376875
47004,6.322,29.3775
47005,6.247,29.378125
47006,6.185,29.37875
47007,6.1,29.379375
47008,6.007,29.38
47009,5.912,29.380625
47010,5.922,29.38125
47011,5.905,29.381875
47012,5.854,29.3825
47013,5.745,29.383125
47014,5.705,29.38375
47015,5.681,29.384375
47016,5.643,29.385
47017,5.631,29.385625
47018,5.641,29.38625
47019,5.662,29.386875
47020,5.634,29.3875
47021,5.581,29.388125
47022,5.554,29.38875
47023,5.615,29.389375
47024,5.655,29.39
47025,5.643,29.390625
47026,5.585,29.39125
47027,5.613,29.391875
47028,5.626,29.3925
47029,5.636,29.393125
47030,5.657,29.39375
47031,5.706,29.394375
47032,5.756,29.395
47033,5.8,29.395625
47034,5.823,29.39625
47035,5.875,29.396875
47036,5.95,29.3975
47037,6.048,29.398125
47038,6.081,29.39875
47039,6.134,29.399375
47040,6.239,29.4
47041,6.209,29.400625
47042,6.26,29.40125
47043,6.367,29.401875
47044,6.466,29.4025
47045,6.472,29.403125
47046,6.497,29.40375
47047,6.599,29.404375
47048,6.646,29.405
47049,6.677,29.405625
47050,6.694,29.40625
47051,6.694,29.406875
47052,6.734,29.4075
47053,6.763,29.408125
47054,6.739,29.40875
47055,6.759,29.409375
47056,6.755,29.41
47057,6.729,29.410625
47058,6.746,29.41125
47059,6.704,29.411875
47060,6.651,29.4125
47061,6.634,29.413125
47062,6.635,29.41375
47063,6.614,29.414375
47064,6.568,29.415
47065,6.548,29.415625
47066,6.541,29.41625
47067,6.521,29.416875
47068,6.443,29.4175
47069,6.408,29.418125
47070,6.37,29.41875
47071,6.318,29.419375
47072,6.233,29.42
47073,6.182,29.420625
47074,6.147,29.42125
47075,6.096,29.421875
47076,5.955,29.4225
47077,5.825,29.423125
47078,5.747,29.42375
47079,5.729,29.424375
47080,5.667,29.425
47081,5.575,29.425625
47082,5.496,29.42625
47083,5.455,29.426875
47084,5.409,29.4275
47085,5.338,29.428125
47086,5.218,29.42875
47087,5.134,29.429375
47088,5.084,29.43
47089,5.036,29.430625
47090,4.944,29.43125
47091,4.878,29.431875
47092,4.906,29.4325
47093,4.877,29.433125
47094,4.77,29.43375
47095,4.61,29.434375
47096,4.644,29.435
47097,4.615,29.435625
47098,4.566,29.43625
47099,4.542,29.436875
47100,4.451,29.4375
47101,4.408,29.438125
47102,4.432,29.43875
47103,4.398,29.439375
47104,4.366,29.44
47105,4.337,29.440625
47106,4.314,29.44125
47107,4.358,29.441875
47108,4.339,29.4425
47109,4.218,29.443125
47110,4.187,29.44375
47111,4.161,29.444375
47112,4.132,29.445
47113,4.085,29.445625
47114,4.056,29.44625
47115,3.999,29.446875
47116,3.891,29.4475
47117,3.785,29.448125
47118,3.738,29.44875
47119,3.715,29.449375
47120,3.593,29.45
47121,3.524,29.450625
47122,3.491,29.45125
47123,3.491,29.451875
47124,3.376,29.4525
47125,3.313,29.453125
47126,3.299,29.45375
47127,3.254,29.454375
47128,3.191,29.455
47129,3.127,29.455625
47130,3.079,29.45625
47131,3.025,29.456875
47132,2.993,29.4575
47133,2.976,29.458125
47134,2.895,29.45875
47135,2.882,29.459375
47136,2.907,29.46
47137,2.944,29.460625
47138,2.847,29.46125
47139,2.768,29.461875
47140,2.738,29.4625
47141,2.725,29.463125
47142,2.672,29.46375
47143,2.603,29.464375
47144,2.552,29.465
47145,2.501,29.465625
47146,2.448,29.46625
47147,2.394,29.466875
47148,2.35,29.4675
47149,2.273,29.468125
47150,2.205,29.46875
47151,2.27,29.469375
47152,2.273,29.47
47153,2.26,29.470625
47154,2.246,29.47125
47155,2.17,29.471875
47156,2.134,29.4725
47157,2.124,29.473125
47158,2.08,29.47375
47159,2.099,29.474375
47160,2.142,29.475
47161,2.19,29.475625
47162,2.165,29.47625
47163,2.168,29.476875
47164,2.193,29.4775
47165,2.152,29.478125
47166,2.205,29.47875
47167,2.283,29.479375
47168,2.327,29.48
47169,2.347,29.480625
47170,2.39,29.48125
47171,2.457,29.481875
47172,2.464,29.4825
47173,2.439,29.483125
47174,2.403,29.48375
47175,2.383,29.484375
47176,2.348,29.485
47177,2.32,29.485625
47178,2.303,29.48625
47179,2.3,29.486875
47180,2.262,29.4875
47181,2.22,29.488125
47182,2.234,29.48875
47183,2.214,29.489375
47184,2.213,29.49
47185,2.25,29.490625
47186,2.339,29.49125
47187,2.359,29.491875
47188,2.35,29.4925
47189,2.421,29.493125
47190,2.498,29.49375
47191,2.559,29.494375
47192,2.589,29.495
47193,2.591,29.495625
47194,2.635,29.49625
47195,2.711,29.496875
47196,2.752,29.4975
47197,2.753,29.498125
47198,2.767,29.49875
47199,2.838,29.499375
47200,2.926,29.5
47201,2.969,29.500625
47202,2.974,29.50125
47203,3.025,29.501875
47204,3.062,29.5025
47205,3.095,29.503125
47206,3.136,29.50375
47207,3.213,29.504375
47208,3.256,29.505
47209,3.254,29.505625
47210,3.216,29.50625
47211,3.19,29.506875
47212,3.177,29.5075
47213,3.187,29.508125
47214,3.255,29.50875
47215,3.315,29.509375
47216,3.352,29.51
47217,3.338,29.510625
47218,3.341,29.51125
47219,3.343,29.511875
47220,3.303,29.5125
47221,3.248,29.513125
47222,3.204,29.51375
47223,3.18,29.514375
47224,3.203,29.515
47225,3.16,29.515625
47226,3.08,29.51625
47227,3.06,29.516875
47228,3.122,29.5175
47229,3.166,29.518125
47230,3.129,29.51875
47231,3.185,29.519375
47232,3.187,29.52
47233,3.144,29.520625
47234,3.127,29.52125
47235,3.102,29.521875
47236,3.077,29.5225
47237,3.057,29.523125
47238,2.996,29.52375
47239,2.944,29.524375
47240,2.908,29.525
47241,2.929,29.525625
47242,2.851,29.52625
47243,2.751,29.526875
47244,2.706,29.5275
47245,2.698,29.528125
47246,2.639,29.52875
47247,2.526,29.529375
47248,2.574,29.53
47249,2.582,29.530625
47250,2.545,29.53125
47251,2.437,29.531875
47252,2.446,29.5325
47253,2.452,29.533125
47254,2.416,29.53375
47255,2.297,29.534375
47256,2.228,29.535
47257,2.211,29.535625
47258,2.275,29.53625
47259,2.189,29.536875
47260,2.146,29.5375
47261,2.234,29.538125
47262,2.137,29.53875
47263,2.065,29.539375
47264,2.021,29.54
47265,1.994,29.540625
47266,2.036,29.54125
47267,2.058,29.541875
47268,2.0,29.5425
47269,1.974,29.543125
47270,1.951,29.54375
47271,1.927,29.544375
47272,1.907,29.545
47273,1.937,29.545625
47274,1.952,29.54625
47275,1.884,29.546875
47276,1.871,29.5475
47277,1.839,29.548125
47278,1.783,29.54875
47279,1.749,29.549375
47280,1.69,29.55
47281,1.639,29.550625
47282,1.646,29.55125
47283,1.571,29.551875
47284,1.52,29.5525
47285,1.508,29.553125
47286,1.392,29.55375
47287,1.361,29.554375
47288,1.371,29.555
47289,1.358,29.555625
47290,1.372,29.55625
47291,1.366,29.556875
47292,1.321,29.5575
47293,1.205,29.558125
47294,1.167,29.55875
47295,1.161,29.559375
47296,1.073,29.56
47297,1.099,29.560625
47298,1.132,29.56125
47299,1.126,29.561875
47300,1.066,29.5625
47301,1.081,29.563125
47302,1.14,29.56375
47303,1.109,29.564375
47304,1.066,29.565
47305,1.04,29.565625
47306,1.057,29.56625
47307,1.083,29.566875
47308,1.07,29.5675
47309,1.026,29.568125
47310,1.036,29.56875
47311,0.977,29.569375
47312,0.912,29.57
47313,0.901,29.570625
47314,0.843,29.57125
47315,0.855,29.571875
47316,0.939,29.5725
47317,0.881,29.573125
47318,0.862,29.57375
47319,0.863,29.574375
47320,0.866,29.575
47321,0.91,29.575625
47322,0.92,29.57625
47323,0.881,29.576875
47324,0.871,29.5775
47325,0.882,29.578125
47326,0.914,29.57875
47327,0.975,29.579375
47328,0.967,29.58
47329,0.952,29.580625
47330,0.948,29.58125
47331,0.945,29.581875
47332,0.929,29.5825
47333,0.929,29.583125
47334,1.034,29.58375
47335,1.048,29.584375
47336,1.033,29.585
47337,1.016,29.585625
47338,1.11,29.58625
47339,1.064,29.586875
47340,0.95,29.5875
47341,1.134,29.588125
47342,1.11,29.58875
47343,1.051,29.589375
47344,1.071,29.59
47345,1.091,29.590625
47346,1.133,29.59125
47347,1.176,29.591875
47348,1.064,29.5925
47349,0.994,29.593125
47350,0.992,29.59375
47351,1.111,29.594375
47352,1.057,29.595
47353,0.99,29.595625
47354,0.938,29.59625
47355,0.924,29.596875
47356,0.971,29.5975
47357,1.014,29.598125
47358,0.953,29.59875
47359,0.949,29.599375
47360,0.943,29.6
47361,0.919,29.600625
47362,0.905,29.60125
47363,0.913,29.601875
47364,0.928,29.6025
47365,0.925,29.603125
47366,0.883,29.60375
47367,0.826,29.604375
47368,0.758,29.605
47369,0.763,29.605625
47370,0.77,29.60625
47371,0.766,29.606875
47372,0.712,29.6075
47373,0.712,29.608125
47374,0.697,29.60875
47375,0.622,29.609375
47376,0.595,29.61
47377,0.593,29.610625
47378,0.604,29.61125
47379,0.574,29.611875
47380,0.563,29.6125
47381,0.541,29.613125
47382,0.48,29.61375
47383,0.443,29.614375
47384,0.457,29.615
47385,0.512,29.615625
47386,0.505,29.61625
47387,0.459,29.616875
47388,0.404,29.6175
47389,0.377,29.618125
47390,0.415,29.61875
47391,0.401,29.619375
47392,0.324,29.62
47393,0.389,29.620625
47394,0.381,29.62125
47395,0.363,29.621875
47396,0.442,29.6225
47397,0.463,29.623125
47398,0.425,29.62375
47399,0.322,29.624375
47400,0.379,29.625
47401,0.441,29.625625
47402,0.493,29.62625
47403,0.493,29.626875
47404,0.534,29.6275
47405,0.573,29.628125
47406,0.593,29.62875
47407,0.653,29.629375
47408,0.688,29.63
47409,0.698,29.630625
47410,0.691,29.63125
47411,0.743,29.631875
47412,0.799,29.6325
47413,0.827,29.633125
47414,0.774,29.63375
47415,0.81,29.634375
47416,0.917,29.635
47417,0.934,29.635625
47418,0.951,29.63625
47419,0.977,29.636875
47420,1.025,29.6375
47421,1.054,29.638125
47422,1.076,29.63875
47423,1.093,29.639375
47424,1.103,29.64
47425,1.104,29.640625
47426,1.109,29.64125
47427,1.14,29.641875
47428,1.168,29.6425
47429,1.172,29.643125
47430,1.151,29.64375
47431,1.185,29.644375
47432,1.208,29.645
47433,1.218,29.645625
47434,1.204,29.64625
47435,1.258,29.646875
47436,1.327,29.6475
47437,1.398,29.648125
47438,1.405,29.64875
47439,1.406,29.649375
47440,1.409,29.65
47441,1.439,29.650625
47442,1.499,29.65125
47443,1.577,29.651875
47444,1.673,29.6525
47445,1.653,29.653125
47446,1.667,29.65375
47447,1.712,29.654375
47448,1.763,29.655
47449,1.86,29.655625
47450,1.936,29.65625
47451,1.939,29.656875
47452,1.983,29.6575
47453,2.013,29.658125
47454,2.038,29.65875
47455,2.146,29.659375
47456,2.193,29.66
47457,2.231,29.660625
47458,2.309,29.66125
47459,2.381,29.661875
47460,2.443,29.6625
47461,2.488,29.663125
47462,2.464,29.66375
47463,2.488,29.664375
47464,2.531,29.665
47465,2.562,29.665625
47466,2.569,29.66625
47467,2.607,29.666875
47468,2.686,29.6675
47469,2.69,29.668125
47470,2.653,29.66875
47471,2.617,29.669375
47472,2.675,29.67
47473,2.703,29.670625
47474,2.705,29.67125
47475,2.682,29.671875
47476,2.563,29.6725
47477,2.534,29.673125
47478,2.546,29.67375
47479,2.458,29.674375
47480,2.403,29.675
47481,2.369,29.675625
47482,2.352,29.67625
47483,2.263,29.676875
47484,2.196,29.6775
47485,2.137,29.678125
47486,2.011,29.67875
47487,1.933,29.679375
47488,1.866,29.68
47489,1.788,29.680625
47490,1.681,29.68125
47491,1.611,29.681875
47492,1.571,29.6825
47493,1.475,29.683125
47494,1.432,29.68375
47495,1.412,29.684375
47496,1.391,29.685
47497,1.329,29.685625
47498,1.259,29.68625
47499,1.194,29.686875
47500,1.221,29.6875
47501,1.24,29.688125
47502,1.251,29.68875
47503,1.258,29.689375
47504,1.208,29.69
47505,1.17,29.690625
47506,1.164,29.69125
47507,1.164,29.691875
47508,1.224,29.6925
47509,1.293,29.693125
47510,1.245,29.69375
47511,1.254,29.694375
47512,1.274,29.695
47513,1.288,29.695625
47514,1.291,29.69625
47515,1.338,29.696875
47516,1.398,29.6975
47517,1.371,29.698125
47518,1.383,29.69875
47519,1.398,29.699375
47520,1.398,29.7
47521,1.44,29.700625
47522,1.442,29.70125
47523,1.414,29.701875
47524,1.428,29.7025
47525,1.449,29.703125
47526,1.471,29.70375
47527,1.488,29.704375
47528,1.483,29.705
47529,1.5,29.705625
47530,1.538,29.70625
47531,1.548,29.706875
47532,1.556,29.7075
47533,1.55,29.708125
47534,1.509,29.70875
47535,1.507,29.709375
47536,1.508,29.71
47537,1.509,29.710625
47538,1.519,29.71125
47539,1.496,29.711875
47540,1.473,29.7125
47541,1.503,29.713125
47542,1.494,29.71375
47543,1.489,29.714375
47544,1.498,29.715
47545,1.471,29.715625
47546,1.438,29.71625
47547,1.423,29.716875
47548,1.502,29.7175
47549,1.496,29.718125
47550,1.494,29.71875
47551,1.531,29.719375
47552,1.459,29.72
47553,1.421,29.720625
47554,1.418,29.72125
47555,1.452,29.721875
47556,1.417,29.7225
47557,1.405,29.723125
47558,1.48,29.72375
47559,1.459,29.724375
47560,1.423,29.725
47561,1.376,29.725625
47562,1.311,29.72625
47563,1.31,29.726875
47564,1.34,29.7275
47565,1.384,29.728125
47566,1.288,29.72875
47567,1.244,29.729375
47568,1.266,29.73
47569,1.228,29.730625
47570,1.26,29.73125
47571,1.295,29.731875
47572,1.247,29.7325
47573,1.202,29.733125
47574,1.178,29.73375
47575,1.179,29.734375
47576,1.192,29.735
47577,1.141,29.735625
47578,1.076,29.73625
47579,1.089,29.736875
47580,1.095,29.7375
47581,1.064,29.738125
47582,0.987,29.73875
47583,1.024,29.739375
47584,1.037,29.74
47585,1.032,29.740625
47586,1.022,29.74125
47587,1.023,29.741875
47588,1.025,29.7425
47589,1.025,29.743125
47590,1.038,29.74375
47591,1.051,29.744375
47592,1.065,29.745
47593,1.079,29.745625
47594,1.092,29.74625
47595,1.109,29.746875
47596,1.133,29.7475
47597,1.144,29.748125
47598,1.156,29.74875
47599,1.173,29.749375
47600,1.214,29.75
47601,1.221,29.750625
47602,1.225,29.75125
47603,1.256,29.751875
47604,1.335,29.7525
47605,1.373,29.753125
47606,1.365,29.75375
47607,1.44,29.754375
47608,1.443,29.755
47609,1.439,29.755625
47610,1.524,29.75625
47611,1.612,29.756875
47612,1.669,29.7575
47613,1.687,29.758125
47614,1.738,29.75875
47615,1.789,29.759375
47616,1.84,29.76
47617,1.891,29.760625
47618,1.909,29.76125
47619,1.97,29.761875
47620,2.106,29.7625
47621,2.161,29.763125
47622,2.217,29.76375
47623,2.269,29.764375
47624,2.289,29.765
47625,2.294,29.765625
47626,2.306,29.76625
47627,2.34,29.766875
47628,2.377,29.7675
47629,2.417,29.768125
47630,2.456,29.76875
47631,2.49,29.769375
47632,2.519,29.77
47633,2.529,29.770625
47634,2.502,29.77125
47635,2.562,29.771875
47636,2.602,29.7725
47637,2.609,29.773125
47638,2.558,29.77375
47639,2.524,29.774375
47640,2.511,29.775
47641,2.535,29.775625
47642,2.475,29.77625
47643,2.453,29.776875
47644,2.484,29.7775
47645,2.46,29.778125
47646,2.447,29.77875
47647,2.455,29.779375
47648,2.506,29.78
47649,2.454,29.780625
47650,2.405,29.78125
47651,2.384,29.781875
47652,2.378,29.7825
47653,2.367,29.783125
47654,2.369,29.78375
47655,2.434,29.784375
47656,2.507,29.785
47657,2.511,29.785625
47658,2.405,29.78625
47659,2.447,29.786875
47660,2.47,29.7875
47661,2.473,29.788125
47662,2.46,29.78875
47663,2.436,29.789375
47664,2.44,29.79
47665,2.501,29.790625
47666,2.508,29.79125
47667,2.476,29.791875
47668,2.43,29.7925
47669,2.484,29.793125
47670,2.48,29.79375
47671,2.468,29.794375
47672,2.488,29.795
47673,2.465,29.795625
47674,2.428,29.79625
47675,2.39,29.796875
47676,2.444,29.7975
47677,2.44,29.798125
47678,2.427,29.79875
47679,2.457,29.799375
47680,2.373,29.8
47681,2.339,29.800625
47682,2.385,29.80125
47683,2.388,29.801875
47684,2.363,29.8025
47685,2.349,29.803125
47686,2.42,29.80375
47687,2.441,29.804375
47688,2.428,29.805
47689,2.384,29.805625
47690,2.357,29.80625
47691,2.357,29.806875
47692,2.386,29.8075
47693,2.468,29.808125
47694,2.461,29.80875
47695,2.429,29.809375
47696,2.395,29.81
47697,2.381,29.810625
47698,2.39,29.81125
47699,2.42,29.811875
47700,2.461,29.8125
47701,2.422,29.813125
47702,2.396,29.81375
47703,2.444,29.814375
47704,2.485,29.815
47705,2.506,29.815625
47706,2.509,29.81625
47707,2.505,29.816875
47708,2.514,29.8175
47709,2.504,29.818125
47710,2.439,29.81875
47711,2.542,29.819375
47712,2.607,29.82
47713,2.612,29.820625
47714,2.635,29.82125
47715,2.643,29.821875
47716,2.639,29.8225
47717,2.622,29.823125
47718,2.622,29.82375
47719,2.65,29.824375
47720,2.707,29.825
47721,2.737,29.825625
47722,2.783,29.82625
47723,2.825,29.826875
47724,2.825,29.8275
47725,2.853,29.828125
47726,2.891,29.82875
47727,2.936,29.829375
47728,3.048,29.83
47729,3.114,29.830625
47730,3.153,29.83125
47731,3.218,29.831875
47732,3.322,29.8325
47733,3.395,29.833125
47734,3.395,29.83375
47735,3.457,29.834375
47736,3.55,29.835
47737,3.654,29.835625
47738,3.688,29.83625
47739,3.745,29.836875
47740,3.792,29.8375
47741,3.806,29.838125
47742,3.923,29.83875
47743,4.003,29.839375
47744,4.041,29.84
47745,4.086,29.840625
47746,4.135,29.84125
47747,4.195,29.841875
47748,4.276,29.8425
47749,4.373,29.843125
47750,4.423,29.84375
47751,4.424,29.844375
47752,4.493,29.845
47753,4.615,29.845625
47754,4.724,29.84625
47755,4.713,29.846875
47756,4.821,29.8475
47757,4.949,29.848125
47758,5.073,29.84875
47759,5.131,29.849375
47760,5.229,29.85
47761,5.346,29.850625
47762,5.445,29.85125
47763,5.494,29.851875
47764,5.582,29.8525
47765,5.745,29.853125
47766,5.868,29.85375
47767,5.976,29.854375
47768,6.089,29.855
47769,6.27,29.855625
47770,6.408,29.85625
47771,6.528,29.856875
47772,6.636,29.8575
47773,6.778,29.858125
47774,6.939,29.85875
47775,7.111,29.859375
47776,7.25,29.86
47777,7.395,29.860625
47778,7.577,29.86125
47779,7.836,29.861875
47780,7.96,29.8625
47781,8.124,29.863125
47782,8.332,29.86375
47783,8.478,29.864375
47784,8.556,29.865
47785,8.641,29.865625
47786,8.817,29.86625
47787,8.985,29.866875
47788,9.112,29.8675
47789,9.203,29.868125
47790,9.434,29.86875
47791,9.586,29.869375
47792,9.709,29.87
47793,9.875,29.870625
47794,10.042,29.87125
47795,10.166,29.871875
47796,10.236,29.8725
47797,10.396,29.873125
47798,10.592,29.87375
47799,10.778,29.874375
47800,10.846,29.875
47801,11.061,29.875625
47802,11.261,29.87625
47803,11.38,29.876875
47804,11.559,29.8775
47805,11.736,29.878125
47806,11.903,29.87875
47807,12.043,29.879375
47808,12.169,29.88
47809,12.279,29.880625
47810,12.364,29.88125
47811,12.465,29.881875
47812,12.581,29.8825
47813,12.701,29.883125
47814,12.752,29.88375
47815,12.803,29.884375
47816,12.835,29.885
47817,12.824,29.885625
47818,12.842,29.88625
47819,12.872,29.886875
47820,12.913,29.8875
47821,12.947,29.888125
47822,12.899,29.88875
47823,12.842,29.889375
47824,12.859,29.89
47825,12.82,29.890625
47826,12.788,29.89125
47827,12.77,29.891875
47828,12.658,29.8925
47829,12.596,29.893125
47830,12.559,29.89375
47831,12.515,29.894375
47832,12.457,29.895
47833,12.408,29.895625
47834,12.377,29.89625
47835,12.299,29.896875
47836,12.26,29.8975
47837,12.24,29.898125
47838,12.196,29.89875
47839,12.127,29.899375
47840,12.08,29.9
47841,12.076,29.900625
47842,12.093,29.90125
47843,12.075,29.901875
47844,12.042,29.9025
47845,12.07,29.903125
47846,12.092,29.90375
47847,12.118,29.904375
47848,12.155,29.905
47849,12.18,29.905625
47850,12.197,29.90625
47851,12.208,29.906875
47852,12.225,29.9075
47853,12.215,29.908125
47854,12.21,29.90875
47855,12.241,29.909375
47856,12.338,29.91
47857,12.404,29.910625
47858,12.424,29.91125
47859,12.4,29.911875
47860,12.502,29.9125
47861,12.67,29.913125
47862,12.85,29.91375
47863,12.987,29.914375
47864,13.165,29.915
47865,13.401,29.915625
47866,13.606,29.91625
47867,13.803,29.916875
47868,14.002,29.9175
47869,14.216,29.918125
47870,14.375,29.91875
47871,14.546,29.919375
47872,14.753,29.92
47873,14.988,29.920625
47874,15.178,29.92125
47875,15.348,29.921875
47876,15.563,29.9225
47877,15.692,29.923125
47878,15.794,29.92375
47879,15.889,29.924375
47880,16.109,29.925
47881,16.292,29.925625
47882,16.429,29.92625
47883,16.497,29.926875
47884,16.581,29.9275
47885,16.676,29.928125
47886,16.785,29.92875
47887,16.799,29.929375
47888,16.81,29.93
47889,16.824,29.930625
47890,16.841,29.93125
47891,16.824,29.931875
47892,16.806,29.9325
47893,16.82,29.933125
47894,16.773,29.93375
47895,16.701,29.934375
47896,16.607,29.935
47897,16.481,29.935625
47898,16.403,29.93625
47899,16.323,29.936875
47900,16.17,29.9375
47901,16.04,29.938125
47902,15.904,29.93875
47903,15.756,29.939375
47904,15.667,29.94
47905,15.562,29.940625
47906,15.442,29.94125
47907,15.306,29.941875
47908,15.178,29.9425
47909,15.047,29.943125
47910,14.907,29.94375
47911,14.711,29.944375
47912,14.561,29.945
47913,14.434,29.945625
47914,14.254,29.94625
47915,14.045,29.946875
47916,13.829,29.9475
47917,13.619,29.948125
47918,13.372,29.94875
47919,13.189,29.949375
47920,13.055,29.95
47921,12.891,29.950625
47922,12.688,29.95125
47923,12.489,29.951875
47924,12.33,29.9525
47925,12.16,29.953125
47926,12.007,29.95375
47927,11.873,29.954375
47928,11.754,29.955
47929,11.612,29.955625
47930,11.497,29.95625
47931,11.48,29.956875
47932,11.383,29.9575
47933,11.31,29.958125
47934,11.279,29.95875
47935,11.235,29.959375
47936,11.184,29.96
47937,11.133,29.960625
47938,11.096,29.96125
47939,11.005,29.961875
47940,10.929,29.9625
47941,10.888,29.963125
47942,10.851,29.96375
47943,10.859,29.964375
47944,10.876,29.965
47945,10.811,29.965625
47946,10.757,29.96625
47947,10.7,29.966875
47948,10.631,29.9675
47949,10.66,29.968125
47950,10.667,29.96875
47951,10.652,29.969375
47952,10.611,29.97
47953,10.55,29.970625
47954,10.538,29.97125
47955,10.63,29.971875
47956,10.654,29.9725
47957,10.647,29.973125
47958,10.622,29.97375
47959,10.628,29.974375
47960,10.677,29.975
47961,10.728,29.975625
47962,10.748,29.97625
47963,10.747,29.976875
47964,10.787,29.9775
47965,10.865,29.978125
47966,10.872,29.97875
47967,10.932,29.979375
47968,11.008,29.98
47969,11.059,29.980625
47970,11.143,29.98125
47971,11.268,29.981875
47972,11.428,29.9825
47973,11.394,29.983125
47974,11.421,29.98375
47975,11.501,29.984375
47976,11.64,29.985
47977,11.695,29.985625
47978,11.747,29.98625
47979,11.819,29.986875
47980,11.931,29.9875
47981,12.019,29.988125
47982,12.109,29.98875
47983,12.276,29.989375
47984,12.34,29.99
47985,12.374,29.990625
47986,12.401,29.99125
47987,12.478,29.991875
47988,12.543,29.9925
47989,12.602,29.993125
47990,12.687,29.99375
47991,12.752,29.994375
47992,12.784,29.995
47993,12.767,29.995625
47994,12.82,29.99625
47995,12.876,29.996875
47996,12.909,29.9975
47997,12.783,29.998125
47998,12.761,29.99875
47999,12.775,29.999375
48000,12.775,30.0
48001,12.748,30.000625
48002,12.726,30.00125
48003,12.709,30.001875
48004,12.655,30.0025
48005,12.634,30.003125
48006,12.613,30.00375
48007,12.542,30.004375
48008,12.453,30.005
48009,12.388,30.005625
48010,12.357,30.00625
48011,12.306,30.006875
48012,12.229,30.0075
48013,12.151,30.008125
48014,12.12,30.00875
48015,12.081,30.009375
48016,12.05,30.01
48017,12.033,30.010625
48018,12.016,30.01125
48019,11.945,30.011875
48020,11.858,30.0125
48021,11.868,30.013125
48022,11.878,30.01375
48023,11.855,30.014375
48024,11.773,30.015
48025,11.829,30.015625
48026,11.841,30.01625
48027,11.809,30.016875
48028,11.751,30.0175
48029,11.704,30.018125
48030,11.687,30.01875
48031,11.724,30.019375
48032,11.645,30.02
48033,11.599,30.020625
48034,11.59,30.02125
48035,11.566,30.021875
48036,11.504,30.0225
48037,11.446,30.023125
48038,11.436,30.02375
48039,11.378,30.024375
48040,11.331,30.025
48041,11.3,30.025625
48042,11.222,30.02625
48043,11.182,30.026875
48044,11.155,30.0275
48045,11.107,30.028125
48046,11.056,30.02875
48047,11.005,30.029375
48048,10.955,30.03
48049,10.928,30.030625
48050,10.871,30.03125
48051,10.803,30.031875
48052,10.759,30.0325
48053,10.684,30.033125
48054,10.647,30.03375
48055,10.678,30.034375
48056,10.607,30.035
48057,10.558,30.035625
48058,10.514,30.03625
48059,10.426,30.036875
48060,10.413,30.0375
48061,10.402,30.038125
48062,10.355,30.03875
48063,10.365,30.039375
48064,10.342,30.04
48065,10.292,30.040625
48066,10.272,30.04125
48067,10.244,30.041875
48068,10.237,30.0425
48069,10.282,30.043125
48070,10.248,30.04375
48071,10.24,30.044375
48072,10.262,30.045
48073,10.265,30.045625
48074,10.276,30.04625
48075,10.287,30.046875
48076,10.294,30.0475
48077,10.304,30.048125
48078,10.355,30.04875
48079,10.453,30.049375
48080,10.531,30.05
48081,10.6,30.050625
48082,10.657,30.05125
48083,10.687,30.051875
48084,10.761,30.0525
48085,10.826,30.053125
48086,10.87,30.05375
48087,10.904,30.054375
48088,10.92,30.055
48089,10.936,30.055625
48090,11.004,30.05625
48091,11.059,30.056875
48092,11.082,30.0575
48093,11.062,30.058125
48094,11.208,30.05875
48095,11.256,30.059375
48096,11.232,30.06
48097,11.226,30.060625
48098,11.229,30.06125
48099,11.234,30.061875
48100,11.234,30.0625
48101,11.246,30.063125
48102,11.238,30.06375
48103,11.207,30.064375
48104,11.149,30.065
48105,11.104,30.065625
48106,11.104,30.06625
48107,11.196,30.066875
48108,11.196,30.0675
48109,11.164,30.068125
48110,11.114,30.06875
48111,11.11,30.069375
48112,11.135,30.07
48113,11.149,30.070625
48114,11.101,30.07125
48115,11.13,30.071875
48116,11.152,30.0725
48117,11.152,30.073125
48118,11.145,30.07375
48119,11.149,30.074375
48120,11.159,30.075
48121,11.17,30.075625
48122,11.166,30.07625
48123,11.187,30.076875
48124,11.248,30.0775
48125,11.282,30.078125
48126,11.288,30.07875
48127,11.289,30.079375
48128,11.35,30.08
48129,11.416,30.080625
48130,11.469,30.08125
48131,11.496,30.081875
48132,11.589,30.0825
48133,11.6,30.083125
48134,11.562,30.08375
48135,11.609,30.084375
48136,11.637,30.085
48137,11.644,30.085625
48138,11.627,30.08625
48139,11.633,30.086875
48140,11.589,30.0875
48141,11.519,30.088125
48142,11.587,30.08875
48143,11.578,30.089375
48144,11.533,30.09
48145,11.479,30.090625
48146,11.503,30.09125
48147,11.511,30.091875
48148,11.491,30.0925
48149,11.481,30.093125
48150,11.455,30.09375
48151,11.429,30.094375
48152,11.426,30.095
48153,11.451,30.095625
48154,11.458,30.09625
48155,11.434,30.096875
48156,11.421,30.0975
48157,11.428,30.098125
48158,11.432,30.09875
48159,11.378,30.099375
48160,11.321,30.1
48161,11.256,30.100625
48162,11.181,30.10125
48163,11.164,30.101875
48164,11.125,30.1025
48165,11.068,30.103125
48166,11.004,30.10375
48167,10.929,30.104375
48168,10.849,30.105
48169,10.768,30.105625
48170,10.666,30.10625
48171,10.57,30.106875
48172,10.482,30.1075
48173,10.417,30.108125
48174,10.295,30.10875
48175,10.166,30.109375
48176,10.064,30.11
48177,9.99,30.110625
48178,9.896,30.11125
48179,9.78,30.111875
48180,9.661,30.1125
48181,9.582,30.113125
48182,9.508,30.11375
48183,9.402,30.114375
48184,9.333,30.115
48185,9.246,30.115625
48186,9.134,30.11625
48187,9.025,30.116875
48188,8.956,30.1175
48189,8.902,30.118125
48190,8.827,30.11875
48191,8.744,30.119375
48192,8.676,30.12
48193,8.632,30.120625
48194,8.574,30.12125
48195,8.527,30.121875
48196,8.471,30.1225
48197,8.358,30.123125
48198,8.323,30.12375
48199,8.249,30.124375
48200,8.089,30.125
48201,8.135,30.125625
48202,8.111,30.12625
48203,8.039,30.126875
48204,7.977,30.1275
48205,7.968,30.128125
48206,7.935,30.12875
48207,7.829,30.129375
48208,7.808,30.13
48209,7.786,30.130625
48210,7.768,30.13125
48211,7.812,30.131875
48212,7.765,30.1325
48213,7.702,30.133125
48214,7.678,30.13375
48215,7.651,30.134375
48216,7.613,30.135
48217,7.567,30.135625
48218,7.526,30.13625
48219,7.48,30.136875
48220,7.431,30.1375
48221,7.376,30.138125
48222,7.34,30.13875
48223,7.306,30.139375
48224,7.268,30.14
48225,7.173,30.140625
48226,7.089,30.14125
48227,7.01,30.141875
48228,6.928,30.1425
48229,6.872,30.143125
48230,6.822,30.14375
48231,6.773,30.144375
48232,6.661,30.145
48233,6.582,30.145625
48234,6.527,30.14625
48235,6.483,30.146875
48236,6.404,30.1475
48237,6.318,30.148125
48238,6.236,30.14875
48239,6.171,30.149375
48240,6.175,30.15
48241,6.208,30.150625
48242,6.133,30.15125
48243,6.071,30.151875
48244,5.998,30.1525
48245,5.896,30.153125
48246,5.909,30.15375
48247,5.884,30.154375
48248,5.822,30.155
48249,5.778,30.155625
48250,5.719,30.15625
48251,5.661,30.156875
48252,5.616,30.1575
48253,5.523,30.158125
48254,5.463,30.15875
48255,5.443,30.159375
48256,5.426,30.16
48257,5.312,30.160625
48258,5.191,30.16125
48259,5.174,30.161875
48260,5.148,30.1625
48261,5.101,30.163125
48262,5.029,30.16375
48263,4.947,30.164375
48264,4.911,30.165
48265,4.895,30.165625
48266,4.861,30.16625
48267,4.853,30.166875
48268,4.81,30.1675
48269,4.711,30.168125
48270,4.677,30.16875
48271,4.65,30.169375
48272,4.642,30.17
48273,4.703,30.170625
48274,4.727,30.17125
48275,4.727,30.171875
48276,4.703,30.1725
48277,4.689,30.173125
48278,4.666,30.17375
48279,4.641,30.174375
48280,4.648,30.175
48281,4.675,30.175625
48282,4.692,30.17625
48283,4.675,30.176875
48284,4.73,30.1775
48285,4.751,30.178125
48286,4.748,30.17875
48287,4.85,30.179375
48288,4.848,30.18
48289,4.806,30.180625
48290,4.768,30.18125
48291,4.801,30.181875
48292,4.838,30.1825
48293,4.87,30.183125
48294,4.877,30.18375
48295,4.882,30.184375
48296,4.899,30.185
48297,4.957,30.185625
48298,4.986,30.18625
48299,5.007,30.186875
48300,5.023,30.1875
48301,5.03,30.188125
48302,5.078,30.18875
48303,5.138,30.189375
48304,5.162,30.19
48305,5.172,30.190625
48306,5.179,30.19125
48307,5.186,30.191875
48308,5.22,30.1925
48309,5.238,30.193125
48310,5.242,30.19375
48311,5.235,30.194375
48312,5.215,30.195
48313,5.188,30.195625
48314,5.154,30.19625
48315,5.123,30.196875
48316,5.132,30.1975
48317,5.158,30.198125
48318,5.101,30.19875
48319,5.073,30.199375
48320,5.055,30.2
48321,5.034,30.200625
48322,5.064,30.20125
48323,5.051,30.201875
48324,4.993,30.2025
48325,4.931,30.203125
48326,4.889,30.20375
48327,4.875,30.204375
48328,4.909,30.205
48329,4.934,30.205625
48330,4.927,30.20625
48331,4.893,30.206875
48332,4.958,30.2075
48333,5.027,30.208125
48334,5.098,30.20875
48335,5.166,30.209375
48336,5.239,30.21
48337,5.305,30.210625
48338,5.358,30.21125
48339,5.341,30.211875
48340,5.387,30.2125
48341,5.474,30.213125
48342,5.569,30.21375
48343,5.637,30.214375
48344,5.734,30.215
48345,5.883,30.215625
48346,5.888,30.21625
48347,5.985,30.216875
48348,6.118,30.2175
48349,6.112,30.218125
48350,6.209,30.21875
48351,6.322,30.219375
48352,6.407,30.22
48353,6.438,30.220625
48354,6.485,30.22125
48355,6.551,30.221875
48356,6.626,30.2225
48357,6.74,30.223125
48358,6.849,30.22375
48359,6.914,30.224375
48360,6.935,30.225
48361,6.962,30.225625
48362,6.994,30.22625
48363,6.977,30.226875
48364,7.016,30.2275
48365,7.059,30.228125
48366,7.045,30.22875
48367,7.059,30.229375
48368,7.077,30.23
48369,7.093,30.230625
48370,7.039,30.23125
48371,7.007,30.231875
48372,6.973,30.2325
48373,6.898,30.233125
48374,6.863,30.23375
48375,6.821,30.234375
48376,6.761,30.235
48377,6.73,30.235625
48378,6.683,30.23625
48379,6.617,30.236875
48380,6.522,30.2375
48381,6.427,30.238125
48382,6.354,30.23875
48383,6.317,30.239375
48384,6.296,30.24
48385,6.26,30.240625
48386,6.216,30.24125
48387,6.192,30.241875
48388,6.099,30.2425
48389,6.007,30.243125
48390,5.96,30.24375
48391,5.986,30.244375
48392,5.967,30.245
48393,5.912,30.245625
48394,5.902,30.24625
48395,5.887,30.246875
48396,5.859,30.2475
48397,5.804,30.248125
48398,5.75,30.24875
48399,5.704,30.249375
48400,5.669,30.25
48401,5.658,30.250625
48402,5.574,30.25125
48403,5.488,30.251875
48404,5.492,30.2525
48405,5.451,30.253125
48406,5.39,30.25375
48407,5.316,30.254375
48408,5.326,30.255
48409,5.299,30.255625
48410,5.244,30.25625
48411,5.162,30.256875
48412,5.075,30.2575
48413,4.982,30.258125
48414,4.884,30.25875
48415,4.918,30.259375
48416,4.846,30.26
48417,4.726,30.260625
48418,4.703,30.26125
48419,4.62,30.261875
48420,4.556,30.2625
48421,4.549,30.263125
48422,4.506,30.26375
48423,4.431,30.264375
48424,4.346,30.265
48425,4.332,30.265625
48426,4.346,30.26625
48427,4.317,30.266875
48428,4.185,30.2675
48429,4.185,30.268125
48430,4.181,30.26875
48431,4.171,30.269375
48432,4.211,30.27
48433,4.197,30.270625
48434,4.166,30.27125
48435,4.149,30.271875
48436,4.135,30.2725
48437,4.123,30.273125
48438,4.109,30.27375
48439,4.055,30.274375
48440,4.021,30.275
48441,3.994,30.275625
48442,3.96,30.27625
48443,3.923,30.276875
48444,3.9,30.2775
48445,3.892,30.278125
48446,3.868,30.27875
48447,3.892,30.279375
48448,3.918,30.28
48449,3.861,30.280625
48450,3.858,30.28125
48451,3.853,30.281875
48452,3.826,30.2825
48453,3.833,30.283125
48454,3.829,30.28375
48455,3.832,30.284375
48456,3.894,30.285
48457,3.944,30.285625
48458,3.992,30.28625
48459,4.039,30.286875
48460,4.041,30.2875
48461,4.062,30.288125
48462,4.097,30.28875
48463,4.114,30.289375
48464,4.078,30.29
48465,4.078,30.290625
48466,4.19,30.29125
48467,4.187,30.291875
48468,4.208,30.2925
48469,4.255,30.293125
48470,4.234,30.29375
48471,4.266,30.294375
48472,4.289,30.295
48473,4.235,30.295625
48474,4.24,30.29625
48475,4.268,30.296875
48476,4.311,30.2975
48477,4.331,30.298125
48478,4.361,30.29875
48479,4.396,30.299375
48480,4.433,30.3
48481,4.427,30.300625
48482,4.437,30.30125
48483,4.477,30.301875
48484,4.463,30.3025
48485,4.424,30.303125
48486,4.385,30.30375
48487,4.402,30.304375
48488,4.383,30.305
48489,4.379,30.305625
48490,4.41,30.30625
48491,4.42,30.306875
48492,4.397,30.3075
48493,4.364,30.308125
48494,4.405,30.30875
48495,4.384,30.309375
48496,4.364,30.31
48497,4.381,30.310625
48498,4.339,30.31125
48499,4.339,30.311875
48500,4.376,30.3125
48501,4.407,30.313125
48502,4.454,30.31375
48503,4.507,30.314375
48504,4.554,30.315
48505,4.537,30.315625
48506,4.506,30.31625
48507,4.477,30.316875
48508,4.525,30.3175
48509,4.567,30.318125
48510,4.605,30.31875
48511,4.636,30.319375
48512,4.655,30.32
48513,4.664,30.320625
48514,4.667,30.32125
48515,4.714,30.321875
48516,4.753,30.3225
48517,4.789,30.323125
48518,4.829,30.32375
48519,4.93,30.324375
48520,5.007,30.325
48521,5.039,30.325625
48522,5.124,30.32625
48523,5.151,30.326875
48524,5.139,30.3275
48525,5.122,30.328125
48526,5.219,30.32875
48527,5.31,30.329375
48528,5.348,30.33
48529,5.342,30.330625
48530,5.376,30.33125
48531,5.447,30.331875
48532,5.553,30.3325
48533,5.609,30.333125
48534,5.623,30.33375
48535,5.586,30.334375
48536,5.574,30.335
48537,5.643,30.335625
48538,5.768,30.33625
48539,5.792,30.336875
48540,5.813,30.3375
48541,5.846,30.338125
48542,5.908,30.33875
48543,5.92,30.339375
48544,5.918,30.34
48545,5.906,30.340625
48546,5.872,30.34125
48547,5.914,30.341875
48548,5.95,30.3425
48549,5.872,30.343125
48550,5.882,30.34375
48551,5.873,30.344375
48552,5.827,30.345
48553,5.817,30.345625
48554,5.837,30.34625
48555,5.846,30.346875
48556,5.761,30.3475
48557,5.696,30.348125
48558,5.678,30.34875
48559,5.722,30.349375
48560,5.726,30.35
48561,5.69,30.350625
48562,5.628,30.35125
48563,5.564,30.351875
48564,5.48,30.3525
48565,5.42,30.353125
48566,5.407,30.35375
48567,5.38,30.354375
48568,5.32,30.355
48569,5.247,30.355625
48570,5.236,30.35625
48571,5.168,30.356875
48572,5.112,30.3575
48573,5.118,30.358125
48574,5.037,30.35875
48575,4.987,30.359375
48576,4.967,30.36
48577,4.896,30.360625
48578,4.812,30.36125
48579,4.754,30.361875
48580,4.768,30.3625
48581,4.751,30.363125
48582,4.718,30.36375
48583,4.671,30.364375
48584,4.637,30.365
48585,4.632,30.365625
48586,4.636,30.36625
48587,4.619,30.366875
48588,4.651,30.3675
48589,4.663,30.368125
48590,4.64,30.36875
48591,4.629,30.369375
48592,4.594,30.37
48593,4.564,30.370625
48594,4.608,30.37125
48595,4.641,30.371875
48596,4.672,30.3725
48597,4.702,30.373125
48598,4.645,30.37375
48599,4.657,30.374375
48600,4.702,30.375
48601,4.675,30.375625
48602,4.695,30.37625
48603,4.743,30.376875
48604,4.814,30.3775
48605,4.768,30.378125
48606,4.766,30.37875
48607,4.802,30.379375
48608,4.829,30.38
48609,4.869,30.380625
48610,4.916,30.38125
48611,4.971,30.381875
48612,4.981,30.3825
48613,5.025,30.383125
48614,5.092,30.38375
48615,5.061,30.384375
48616,5.101,30.385
48617,5.17,30.385625
48618,5.231,30.38625
48619,5.256,30.386875
48620,5.291,30.3875
48621,5.343,30.388125
48622,5.408,30.38875
48623,5.43,30.389375
48624,5.436,30.39
48625,5.46,30.390625
48626,5.512,30.39125
48627,5.576,30.391875
48628,5.647,30.3925
48629,5.698,30.393125
48630,5.715,30.39375
48631,5.723,30.394375
48632,5.774,30.395
48633,5.839,30.395625
48634,5.912,30.39625
48635,5.994,30.396875
48636,5.968,30.3975
48637,6.016,30.398125
48638,6.11,30.39875
48639,6.164,30.399375
48640,6.187,30.4
48641,6.234,30.400625
48642,6.339,30.40125
48643,6.406,30.401875
48644,6.494,30.4025
48645,6.602,30.403125
48646,6.704,30.40375
48647,6.696,30.404375
48648,6.693,30.405
48649,6.795,30.405625
48650,6.94,30.40625
48651,7.015,30.406875
48652,7.02,30.4075
48653,7.071,30.408125
48654,7.145,30.40875
48655,7.218,30.409375
48656,7.259,30.41
48657,7.335,30.410625
48658,7.387,30.41125
48659,7.409,30.411875
48660,7.525,30.4125
48661,7.601,30.413125
48662,7.657,30.41375
48663,7.718,30.414375
48664,7.712,30.415
48665,7.693,30.415625
48666,7.677,30.41625
48667,7.752,30.416875
48668,7.816,30.4175
48669,7.871,30.418125
48670,7.916,30.41875
48671,7.871,30.419375
48672,7.825,30.42
48673,7.815,30.420625
48674,7.828,30.42125
48675,7.853,30.421875
48676,7.881,30.4225
48677,7.874,30.423125
48678,7.911,30.42375
48679,7.952,30.424375
48680,7.976,30.425
48681,8.003,30.425625
48682,7.998,30.42625
48683,7.969,30.426875
48684,7.976,30.4275
48685,7.963,30.428125
48686,7.952,30.42875
48687,7.962,30.429375
48688,8.073,30.43
48689,8.11,30.430625
48690,8.067,30.43125
48691,8.108,30.431875
48692,8.087,30.4325
48693,8.071,30.433125
48694,8.153,30.43375
48695,8.199,30.434375
48696,8.248,30.435
48697,8.305,30.435625
48698,8.353,30.43625
48699,8.422,30.436875
48700,8.488,30.4375
48701,8.502,30.438125
48702,8.513,30.43875
48703,8.564,30.439375
48704,8.672,30.44
48705,8.648,30.440625
48706,8.62,30.44125
48707,8.607,30.441875
48708,8.668,30.4425
48709,8.684,30.443125
48710,8.698,30.44375
48711,8.728,30.444375
48712,8.67,30.445
48713,8.618,30.445625
48714,8.588,30.44625
48715,8.636,30.446875
48716,8.661,30.4475
48717,8.652,30.448125
48718,8.595,30.44875
48719,8.613,30.449375
48720,8.597,30.45
48721,8.555,30.450625
48722,8.582,30.45125
48723,8.593,30.451875
48724,8.586,30.4525
48725,8.555,30.453125
48726,8.564,30.45375
48727,8.57,30.454375
48728,8.568,30.455
48729,8.588,30.455625
48730,8.563,30.45625
48731,8.523,30.456875
48732,8.502,30.4575
48733,8.497,30.458125
48734,8.534,30.45875
48735,8.616,30.459375
48736,8.535,30.46
48737,8.534,30.460625
48738,8.564,30.46125
48739,8.53,30.461875
48740,8.576,30.4625
48741,8.607,30.463125
48742,8.59,30.46375
48743,8.618,30.464375
48744,8.635,30.465
48745,8.636,30.465625
48746,8.599,30.46625
48747,8.64,30.466875
48748,8.696,30.4675
48749,8.737,30.468125
48750,8.791,30.46875
48751,8.81,30.469375
48752,8.81,30.47
48753,8.871,30.470625
48754,8.935,30.47125
48755,8.979,30.471875
48756,8.983,30.4725
48757,9.005,30.473125
48758,9.055,30.47375
48759,9.129,30.474375
48760,9.201,30.475
48761,9.284,30.475625
48762,9.377,30.47625
48763,9.483,30.476875
48764,9.576,30.4775
48765,9.673,30.478125
48766,9.776,30.47875
48767,9.895,30.479375
48768,9.963,30.48
48769,10.033,30.480625
48770,10.193,30.48125
48771,10.333,30.481875
48772,10.481,30.4825
48773,10.643,30.483125
48774,10.762,30.48375
48775,10.921,30.484375
48776,11.108,30.485
48777,11.309,30.485625
48778,11.34,30.48625
48779,11.405,30.486875
48780,11.585,30.4875
48781,11.729,30.488125
48782,11.826,30.48875
48783,11.906,30.489375
48784,12.059,30.49
48785,12.171,30.490625
48786,12.269,30.49125
48787,12.368,30.491875
48788,12.444,30.4925
48789,12.524,30.493125
48790,12.605,30.49375
48791,12.652,30.494375
48792,12.692,30.495
48793,12.756,30.495625
48794,12.875,30.49625
48795,12.975,30.496875
48796,13.024,30.4975
48797,13.028,30.498125
48798,13.062,30.49875
48799,13.07,30.499375
48800,13.082,30.5
48801,13.133,30.500625
48802,13.19,30.50125
48803,13.24,30.501875
48804,13.278,30.5025
48805,13.267,30.503125
48806,13.284,30.50375
48807,13.297,30.504375
48808,13.256,30.505
48809,13.19,30.505625
48810,13.165,30.50625
48811,13.201,30.506875
48812,13.136,30.5075
48813,13.117,30.508125
48814,13.111,30.50875
48815,13.039,30.509375
48816,13.027,30.51
48817,13.016,30.510625
48818,12.982,30.51125
48819,12.908,30.511875
48820,12.803,30.5125
48821,12.676,30.513125
48822,12.564,30.51375
48823,12.467,30.514375
48824,12.382,30.515
48825,12.311,30.515625
48826,12.268,30.51625
48827,12.18,30.516875
48828,12.054,30.5175
48829,11.948,30.518125
48830,11.836,30.51875
48831,11.721,30.519375
48832,11.609,30.52
48833,11.524,30.520625
48834,11.417,30.52125
48835,11.291,30.521875
48836,11.237,30.5225
48837,11.111,30.523125
48838,10.97,30.52375
48839,10.878,30.524375
48840,10.801,30.525
48841,10.743,30.525625
48842,10.702,30.52625
48843,10.586,30.526875
48844,10.501,30.5275
48845,10.444,30.528125
48846,10.427,30.52875
48847,10.285,30.529375
48848,10.154,30.53
48849,10.08,30.530625
48850,10.121,30.53125
48851,10.056,30.531875
48852,9.927,30.5325
48853,9.828,30.533125
48854,9.732,30.53375
48855,9.683,30.534375
48856,9.71,30.535
48857,9.658,30.535625
48858,9.564,30.53625
48859,9.45,30.536875
48860,9.402,30.5375
48861,9.398,30.538125
48862,9.369,30.53875
48863,9.264,30.539375
48864,9.142,30.54
48865,9.096,30.540625
48866,9.105,30.54125
48867,8.996,30.541875
48868,8.93,30.5425
48869,8.897,30.543125
48870,8.897,30.54375
48871,8.855,30.544375
48872,8.813,30.545
48873,8.775,30.545625
48874,8.683,30.54625
48875,8.635,30.546875
48876,8.604,30.5475
48877,8.563,30.548125
48878,8.554,30.54875
48879,8.575,30.549375
48880,8.624,30.55
48881,8.624,30.550625
48882,8.6,30.55125
48883,8.559,30.551875
48884,8.505,30.5525
48885,8.464,30.553125
48886,8.423,30.55375
48887,8.375,30.554375
48888,8.416,30.555
48889,8.45,30.555625
48890,8.466,30.55625
48891,8.411,30.556875
48892,8.365,30.5575
48893,8.322,30.558125
48894,8.281,30.55875
48895,8.299,30.559375
48896,8.28,30.56
48897,8.237,30.560625
48898,8.248,30.56125
48899,8.233,30.561875
48900,8.208,30.5625
48901,8.181,30.563125
48902,8.126,30.56375
48903,8.085,30.564375
48904,8.062,30.565
48905,8.045,30.565625
48906,7.971,30.56625
48907,7.878,30.566875
48908,7.8,30.5675
48909,7.731,30.568125
48910,7.687,30.56875
48911,7.666,30.569375
48912,7.581,30.57
48913,7.496,30.570625
48914,7.425,30.57125
48915,7.398,30.571875
48916,7.368,30.5725
48917,7.311,30.573125
48918,7.22,30.57375
48919,7.183,30.574375
48920,7.168,30.575
48921,7.153,30.575625
48922,7.078,30.57625
48923,7.049,30.576875
48924,7.034,30.5775
48925,7.02,30.578125
48926,7.097,30.57875
48927,7.11,30.579375
48928,7.088,30.58
48929,7.122,30.580625
48930,7.156,30.58125
48931,7.187,30.581875
48932,7.215,30.5825
48933,7.245,30.583125
48934,7.274,30.58375
48935,7.298,30.584375
48936,7.298,30.585
48937,7.298,30.585625
48938,7.323,30.58625
48939,7.405,30.586875
48940,7.351,30.5875
48941,7.303,30.588125
48942,7.281,30.58875
48943,7.304,30.589375
48944,7.272,30.59
48945,7.216,30.590625
48946,7.165,30.59125
48947,7.091,30.591875
48948,7.012,30.5925
48949,6.934,30.593125
48950,6.856,30.59375
48951,6.756,30.594375
48952,6.659,30.595
48953,6.611,30.595625
48954,6.507,30.59625
48955,6.415,30.596875
48956,6.351,30.5975
48957,6.151,30.598125
48958,5.987,30.59875
48959,5.852,30.599375
48960,5.733,30.6
48961,5.67,30.600625
48962,5.6,30.60125
48963,5.495,30.601875
48964,5.28,30.6025
48965,5.186,30.603125
48966,5.156,30.60375
48967,4.973,30.604375
48968,4.838,30.605
48969,4.755,30.605625
48970,4.741,30.60625
48971,4.623,30.606875
48972,4.518,30.6075
48973,4.446,30.608125
48974,4.463,30.60875
48975,4.4,30.609375
48976,4.316,30.61
48977,4.258,30.610625
48978,4.237,30.61125
48979,4.22,30.611875
48980,4.199,30.6125
48981,4.131,30.613125
48982,4.081,30.61375
48983,4.06,30.614375
48984,4.094,30.615
48985,4.061,30.615625
48986,4.052,30.61625
48987,4.085,30.616875
48988,4.085,30.6175
48989,4.104,30.618125
48990,4.114,30.61875
48991,4.052,30.619375
48992,4.064,30.62
48993,4.094,30.620625
48994,4.128,30.62125
48995,4.134,30.621875
48996,4.119,30.6225
48997,4.092,30.623125
48998,4.082,30.62375
48999,4.035,30.624375
49000,4.014,30.625
49001,4.054,30.625625
49002,4.069,30.62625
49003,4.086,30.626875
49004,4.109,30.6275
49005,4.147,30.628125
49006,4.214,30.62875
49007,4.262,30.629375
49008,4.248,30.63
49009,4.361,30.630625
49010,4.448,30.63125
49011,4.494,30.631875
49012,4.47,30.6325
49013,4.491,30.633125
49014,4.526,30.63375
49015,4.547,30.634375
49016,4.582,30.635
49017,4.633,30.635625
49018,4.695,30.63625
49019,4.725,30.636875
49020,4.781,30.6375
49021,4.866,30.638125
49022,4.998,30.63875
49023,5.056,30.639375
49024,5.092,30.64
49025,5.124,30.640625
49026,5.291,30.64125
49027,5.428,30.641875
49028,5.531,30.6425
49029,5.575,30.643125
49030,5.644,30.64375
49031,5.721,30.644375
49032,5.803,30.645
49033,5.949,30.645625
49034,6.027,30.64625
49035,6.065,30.646875
49036,6.137,30.6475
49037,6.227,30.648125
49038,6.301,30.64875
49039,6.338,30.649375
49040,6.346,30.65
49041,6.37,30.650625
49042,6.398,30.65125
49043,6.371,30.651875
49044,6.391,30.6525
49045,6.423,30.653125
49046,6.443,30.65375
49047,6.383,30.654375
49048,6.332,30.655
49049,6.304,30.655625
49050,6.324,30.65625
49051,6.3,30.656875
49052,6.25,30.6575
49053,6.185,30.658125
49054,6.129,30.65875
49055,6.052,30.659375
49056,5.952,30.66
49057,5.881,30.660625
49058,5.794,30.66125
49059,5.711,30.661875
49060,5.667,30.6625
49061,5.583,30.663125
49062,5.475,30.66375
49063,5.346,30.664375
49064,5.251,30.665
49065,5.118,30.665625
49066,4.987,30.66625
49067,4.953,30.666875
49068,4.873,30.6675
49069,4.794,30.668125
49070,4.737,30.66875
49071,4.736,30.669375
49072,4.695,30.67
49073,4.61,30.670625
49074,4.46,30.67125
49075,4.373,30.671875
49076,4.341,30.6725
49077,4.375,30.673125
49078,4.267,30.67375
49079,4.196,30.674375
49080,4.162,30.675
49081,4.131,30.675625
49082,4.049,30.67625
49083,3.964,30.676875
49084,3.917,30.6775
49085,3.912,30.678125
49086,3.87,30.67875
49087,3.79,30.679375
49088,3.766,30.68
49089,3.759,30.680625
49090,3.733,30.68125
49091,3.637,30.681875
49092,3.725,30.6825
49093,3.747,30.683125
49094,3.667,30.68375
49095,3.735,30.684375
49096,3.693,30.685
49097,3.618,30.685625
49098,3.632,30.68625
49099,3.671,30.686875
49100,3.684,30.6875
49101,3.654,30.688125
49102,3.667,30.68875
49103,3.71,30.689375
49104,3.772,30.69
49105,3.836,30.690625
49106,3.871,30.69125
49107,3.882,30.691875
49108,3.865,30.6925
49109,3.907,30.693125
49110,3.975,30.69375
49111,4.051,30.694375
49112,4.078,30.695
49113,4.164,30.695625
49114,4.234,30.69625
49115,4.238,30.696875
49116,4.308,30.6975
49117,4.368,30.698125
49118,4.43,30.69875
49119,4.593,30.699375
49120,4.664,30.7
49121,4.687,30.700625
49122,4.683,30.70125
49123,4.75,30.701875
49124,4.858,30.7025
49125,4.99,30.703125
49126,5.001,30.70375
49127,5.077,30.704375
49128,5.189,30.705
49129,5.308,30.705625
49130,5.447,30.70625
49131,5.556,30.706875
49132,5.626,30.7075
49133,5.721,30.708125
49134,5.805,30.70875
49135,5.907,30.709375
49136,6.091,30.71
49137,6.197,30.710625
49138,6.292,30.71125
49139,6.398,30.711875
49140,6.646,30.7125
49141,6.812,30.713125
49142,6.924,30.71375
49143,7.05,30.714375
49144,7.215,30.715
49145,7.348,30.715625
49146,7.406,30.71625
49147,7.532,30.716875
49148,7.713,30.7175
49149,7.918,30.718125
49150,8.03,30.71875
49151,8.114,30.719375
49152,8.216,30.72
49153,8.373,30.720625
49154,8.526,30.72125
49155,8.709,30.721875
49156,8.902,30.7225
49157,8.953,30.723125
49158,9.091,30.72375
49159,9.232,30.724375
49160,9.297,30.725
49161,9.418,30.725625
49162,9.544,30.72625
49163,9.666,30.726875
49164,9.775,30.7275
49165,9.839,30.728125
49166,9.885,30.72875
49167,9.946,30.729375
49168,10.03,30.73
49169,10.098,30.730625
49170,10.137,30.73125
49171,10.137,30.731875
49172,10.209,30.7325
49173,10.292,30.733125
49174,10.254,30.73375
49175,10.266,30.734375
49176,10.245,30.735
49177,10.157,30.735625
49178,10.16,30.73625
49179,10.147,30.736875
49180,10.115,30.7375
49181,10.043,30.738125
49182,9.995,30.73875
49183,9.963,30.739375
49184,9.946,30.74
49185,9.894,30.740625
49186,9.824,30.74125
49187,9.743,30.741875
49188,9.661,30.7425
49189,9.592,30.743125
49190,9.54,30.74375
49191,9.517,30.744375
49192,9.44,30.745
49193,9.379,30.745625
49194,9.342,30.74625
49195,9.338,30.746875
49196,9.311,30.7475
49197,9.254,30.748125
49198,9.145,30.74875
49199,9.093,30.749375
49200,9.055,30.75
49201,9.022,30.750625
49202,8.954,30.75125
49203,8.904,30.751875
49204,8.874,30.7525
49205,8.877,30.753125
49206,8.841,30.75375
49207,8.818,30.754375
49208,8.825,30.755
49209,8.839,30.755625
49210,8.83,30.75625
49211,8.816,30.756875
49212,8.844,30.7575
49213,8.873,30.758125
49214,8.916,30.75875
49215,8.977,30.759375
49216,8.988,30.76
49217,9.018,30.760625
49218,9.047,30.76125
49219,9.003,30.761875
49220,9.06,30.7625
49221,9.115,30.763125
49222,9.108,30.76375
49223,9.175,30.764375
49224,9.201,30.765
49225,9.193,30.765625
49226,9.224,30.76625
49227,9.266,30.766875
49228,9.319,30.7675
49229,9.384,30.768125
49230,9.489,30.76875
49231,9.535,30.769375
49232,9.518,30.77
49233,9.508,30.770625
49234,9.303,30.77125
49235,8.98,30.771875
49236,8.585,30.7725
49237,8.769,30.773125
49238,9.283,30.77375
49239,10.039,30.774375
49240,9.991,30.775
49241,9.755,30.775625
49242,9.448,30.77625
49243,9.247,30.776875
49244,9.035,30.7775
49245,8.824,30.778125
49246,8.617,30.77875
49247,8.44,30.779375
49248,8.382,30.78
49249,8.462,30.780625
49250,8.786,30.78125
49251,9.844,30.781875
49252,10.775,30.7825
49253,11.18,30.783125
49254,11.349,30.78375
49255,11.467,30.784375
49256,11.563,30.785
49257,11.736,30.785625
49258,11.986,30.78625
49259,12.268,30.786875
49260,12.56,30.7875
49261,12.923,30.788125
49262,13.302,30.78875
49263,13.67,30.789375
49264,13.864,30.79
49265,14.058,30.790625
49266,14.202,30.79125
49267,14.233,30.791875
49268,14.212,30.7925
49269,14.1,30.793125
49270,13.914,30.79375
49271,13.904,30.794375
49272,13.96,30.795
49273,14.115,30.795625
49274,14.455,30.79625
49275,14.737,30.796875
49276,14.977,30.7975
49277,15.165,30.798125
49278,15.053,30.79875
49279,14.908,30.799375
49280,14.741,30.8
49281,14.561,30.800625
49282,14.433,30.80125
49283,14.259,30.801875
49284,14.001,30.8025
49285,13.844,30.803125
49286,13.682,30.80375
49287,13.527,30.804375
49288,13.425,30.805
49289,13.36,30.805625
49290,13.292,30.80625
49291,13.2,30.806875
49292,13.18,30.8075
49293,13.118,30.808125
49294,13.031,30.80875
49295,13.007,30.809375
49296,12.955,30.81
49297,12.867,30.810625
49298,12.724,30.81125
49299,12.635,30.811875
49300,12.586,30.8125
49301,12.568,30.813125
49302,12.51,30.81375
49303,12.44,30.814375
49304,12.33,30.815
49305,12.132,30.815625
49306,11.998,30.81625
49307,11.868,30.816875
49308,11.734,30.8175
49309,11.625,30.818125
49310,11.457,30.81875
49311,11.258,30.819375
49312,11.054,30.82
49313,10.908,30.820625
49314,10.815,30.82125
49315,10.777,30.821875
49316,10.737,30.8225
49317,10.696,30.823125
49318,10.665,30.82375
49319,10.668,30.824375
49320,10.693,30.825
49321,10.679,30.825625
49322,10.597,30.82625
49323,10.647,30.826875
49324,10.639,30.8275
49325,10.591,30.828125
49326,10.561,30.82875
49327,10.439,30.829375
49328,10.318,30.83
49329,10.25,30.830625
49330,10.062,30.83125
49331,9.943,30.831875
49332,9.876,30.8325
49333,9.757,30.833125
49334,9.715,30.83375
49335,9.687,30.834375
49336,9.63,30.835
49337,9.478,30.835625
49338,9.37,30.83625
49339,9.307,30.836875
49340,9.199,30.8375
49341,9.022,30.838125
49342,8.811,30.83875
49343,8.593,30.839375
49344,8.453,30.84
49345,8.252,30.840625
49346,7.979,30.84125
49347,7.85,30.841875
49348,7.776,30.8425
49349,7.761,30.843125
49350,7.836,30.84375
49351,7.891,30.844375
49352,7.999,30.845
49353,8.177,30.845625
49354,8.092,30.84625
49355,7.977,30.846875
49356,7.859,30.8475
49357,7.794,30.848125
49358,7.841,30.84875
49359,7.873,30.849375
49360,7.839,30.85
49361,8.019,30.850625
49362,8.14,30.85125
49363,8.28,30.851875
49364,8.742,30.8525
49365,9.295,30.853125
49366,9.738,30.85375
49367,9.925,30.854375
49368,9.907,30.855
49369,9.865,30.855625
49370,9.813,30.85625
49371,9.752,30.856875
49372,9.652,30.8575
49373,9.57,30.858125
49374,9.563,30.85875
49375,9.409,30.859375
49376,9.309,30.86
49377,9.286,30.860625
49378,9.296,30.86125
49379,9.387,30.861875
49380,9.525,30.8625
49381,9.685,30.863125
49382,9.853,30.86375
49383,9.938,30.864375
49384,9.921,30.865
49385,9.907,30.865625
49386,9.994,30.86625
49387,10.09,30.866875
49388,10.032,30.8675
49389,10.067,30.868125
49390,10.107,30.86875
49391,10.129,30.869375
49392,10.296,30.87
49393,10.502,30.870625
49394,10.711,30.87125
49395,10.83,30.871875
49396,11.022,30.8725
49397,11.243,30.873125
49398,11.481,30.87375
49399,11.828,30.874375
49400,12.142,30.875
49401,12.423,30.875625
49402,12.678,30.87625
49403,12.961,30.876875
49404,13.237,30.8775
49405,13.482,30.878125
49406,13.708,30.87875
49407,13.899,30.879375
49408,14.061,30.88
49409,14.237,30.880625
49410,14.436,30.88125
49411,14.618,30.881875
49412,14.74,30.8825
49413,14.878,30.883125
49414,14.964,30.88375
49415,15.002,30.884375
49416,15.117,30.885
49417,15.16,30.885625
49418,15.178,30.88625
49419,15.229,30.886875
49420,15.371,30.8875
49421,15.448,30.888125
49422,15.428,30.88875
49423,15.414,30.889375
49424,15.368,30.89
49425,15.347,30.890625
49426,15.476,30.89125
49427,15.458,30.891875
49428,15.409,30.8925
49429,15.361,30.893125
49430,15.382,30.89375
49431,15.348,30.894375
49432,15.28,30.895
49433,15.229,30.895625
49434,15.212,30.89625
49435,15.205,30.896875
49436,15.199,30.8975
49437,15.1,30.898125
49438,15.015,30.89875
49439,14.941,30.899375
49440,14.853,30.9
49441,14.729,30.900625
49442,14.639,30.90125
49443,14.643,30.901875
49444,14.586,30.9025
49445,14.506,30.903125
49446,14.412,30.90375
49447,14.358,30.904375
49448,14.286,30.905
49449,14.217,30.905625
49450,14.17,30.90625
49451,14.059,30.906875
49452,13.982,30.9075
49453,13.952,30.908125
49454,13.939,30.90875
49455,13.878,30.909375
49456,13.815,30.91
49457,13.819,30.910625
49458,13.811,30.91125
49459,13.826,30.911875
49460,13.868,30.9125
49461,13.753,30.913125
49462,13.743,30.91375
49463,13.798,30.914375
49464,13.856,30.915
49465,13.875,30.915625
49466,13.922,30.91625
49467,14.024,30.916875
49468,13.975,30.9175
49469,14.043,30.918125
49470,14.164,30.91875
49471,14.137,30.919375
49472,14.246,30.92
49473,14.33,30.920625
49474,14.3,30.92125
49475,14.425,30.921875
49476,14.442,30.9225
49477,14.389,30.923125
49478,14.495,30.92375
49479,14.521,30.924375
49480,14.551,30.925
49481,14.653,30.925625
49482,14.681,30.92625
49483,14.742,30.926875
49484,14.842,30.9275
49485,14.92,30.928125
49486,15.027,30.92875
49487,15.115,30.929375
49488,15.125,30.93
49489,15.162,30.930625
49490,15.194,30.93125
49491,15.218,30.931875
49492,15.31,30.9325
49493,15.391,30.933125
49494,15.432,30.93375
49495,15.371,30.934375
49496,15.378,30.935
49497,15.386,30.935625
49498,15.378,30.93625
49499,15.473,30.936875
49500,15.483,30.9375
49501,15.457,30.938125
49502,15.505,30.93875
49503,15.411,30.939375
49504,15.328,30.94
49505,15.318,30.940625
49506,15.285,30.94125
49507,15.259,30.941875
49508,15.232,30.9425
49509,15.178,30.943125
49510,15.126,30.94375
49511,15.064,30.944375
49512,14.983,30.945
49513,14.924,30.945625
49514,14.889,30.94625
49515,14.858,30.946875
49516,14.705,30.9475
49517,14.638,30.948125
49518,14.58,30.94875
49519,14.471,30.949375
49520,14.375,30.95
49521,14.31,30.950625
49522,14.272,30.95125
49523,14.198,30.951875
49524,14.081,30.9525
49525,13.957,30.953125
49526,13.865,30.95375
49527,13.809,30.954375
49528,13.714,30.955
49529,13.571,30.955625
49530,13.493,30.95625
49531,13.404,30.956875
49532,13.334,30.9575
49533,13.348,30.958125
49534,13.24,30.95875
49535,13.129,30.959375
49536,13.048,30.96
49537,13.004,30.960625
49538,12.947,30.96125
49539,12.874,30.961875
49540,12.765,30.9625
49541,12.675,30.963125
49542,12.621,30.96375
49543,12.618,30.964375
49544,12.624,30.965
49545,12.556,30.965625
49546,12.437,30.96625
49547,12.355,30.966875
49548,12.368,30.9675
49549,12.369,30.968125
49550,12.288,30.96875
49551,12.27,30.969375
49552,12.236,30.97
49553,12.182,30.970625
49554,12.1,30.97125
49555,12.067,30.971875
49556,12.035,30.9725
49557,11.96,30.973125
49558,11.909,30.97375
49559,11.865,30.974375
49560,11.827,30.975
49561,11.824,30.975625
49562,11.786,30.97625
49563,11.733,30.976875
49564,11.686,30.9775
49565,11.595,30.978125
49566,11.537,30.97875
49567,11.53,30.979375
49568,11.506,30.98
49569,11.454,30.980625
49570,11.36,30.98125
49571,11.176,30.981875
49572,11.165,30.9825
49573,11.146,30.983125
49574,11.061,30.98375
49575,10.905,30.984375
49576,10.845,30.985
49577,10.831,30.985625
49578,10.726,30.98625
49579,10.67,30.986875
49580,10.613,30.9875
49581,10.528,30.988125
49582,10.466,30.98875
49583,10.375,30.989375
49584,10.276,30.99
49585,10.28,30.990625
49586,10.225,30.99125
49587,10.138,30.991875
49588,10.026,30.9925
49589,10.005,30.993125
49590,9.996,30.99375
49591,9.99,30.994375
49592,9.956,30.995
49593,9.988,30.995625
49594,10.012,30.99625
49595,9.944,30.996875
49596,9.9,30.9975
49597,9.882,30.998125
49598,9.887,30.99875
49599,9.877,30.999375
49600,9.815,31.0
49601,9.754,31.000625
49602,9.775,31.00125
49603,9.726,31.001875
49604,9.686,31.0025
49605,9.672,31.003125
49606,9.641,31.00375
49607,9.602,31.004375
49608,9.571,31.005
49609,9.588,31.005625
49610,9.558,31.00625
49611,9.52,31.006875
49612,9.486,31.0075
49613,9.422,31.008125
49614,9.393,31.00875
49615,9.381,31.009375
49616,9.326,31.01
49617,9.293,31.010625
49618,9.249,31.01125
49619,9.178,31.011875
49620,9.158,31.0125
49621,9.103,31.013125
49622,9.022,31.01375
49623,8.991,31.014375
49624,8.978,31.015
49625,8.955,31.015625
49626,8.897,31.01625
49627,8.88,31.016875
49628,8.847,31.0175
49629,8.792,31.018125
49630,8.704,31.01875
49631,8.651,31.019375
49632,8.611,31.02
49633,8.567,31.020625
49634,8.6,31.02125
49635,8.61,31.021875
49636,8.577,31.0225
49637,8.505,31.023125
49638,8.509,31.02375
49639,8.521,31.024375
49640,8.433,31.025
49641,8.452,31.025625
49642,8.42,31.02625
49643,8.293,31.026875
49644,8.287,31.0275
49645,8.305,31.028125
49646,8.323,31.02875
49647,8.279,31.029375
49648,8.234,31.03
49649,8.207,31.030625
49650,8.207,31.03125
49651,8.277,31.031875
49652,8.3,31.0325
49653,8.295,31.033125
49654,8.332,31.03375
49655,8.329,31.034375
49656,8.312,31.035
49657,8.295,31.035625
49658,8.364,31.03625
49659,8.408,31.036875
49660,8.439,31.0375
49661,8.565,31.038125
49662,8.617,31.03875
49663,8.638,31.039375
49664,8.651,31.04
49665,8.686,31.040625
